100 50 198

0: 0 0 0 0 0 0 0 0 0 0 0 0 0 0 0 0 0 0 0 0 0 0 0 0 0 0 0 0 0 0 0 0 0 0 0 0 0 0 0 0 0 1 0 0 1 0 0 1 0 0 0 0 0 1 0 0 0 0 1 0 0 0 0 1 0 0 0 0 0 0 0 0 0 0 0 0 1 0 0 0 0 0 0 0 0 0 0 1 0 0 0 1 0 1 1 0 0 0 0 1
1: 0 0 0 0 0 0 0 0 0 1 0 0 0 0 0 0 0 0 0 0 0 0 0 0 0 0 0 0 0 0 0 0 1 1 0 0 0 0 0 0 0 0 0 0 0 0 0 0 1 0 0 0 0 1 0 1 0 0 0 0 0 0 0 1 0 0 0 0 0 0 0 0 1 0 0 0 1 0 1 0 0 0 0 0 0 0 0 0 0 0 0 0 0 0 0 0 0 0 0 0
2: 0 0 0 1 0 0 0 0 0 0 0 0 1 0 0 0 0 0 1 0 0 1 0 0 0 0 0 0 0 1 0 0 0 0 0 0 0 0 0 0 0 0 1 0 0 1 0 0 0 0 0 0 0 0 0 0 0 0 0 0 0 0 0 0 0 1 0 0 0 0 0 0 0 0 0 0 0 0 0 1 0 1 0 0 0 0 0 0 0 0 0 0 0 0 0 0 0 0 0 0
3: 0 0 0 0 0 1 0 0 0 0 0 0 0 0 0 1 0 0 0 0 0 0 0 1 0 0 0 0 0 0 0 1 0 0 0 0 1 0 0 1 0 0 0 0 0 0 0 1 0 0 0 0 0 0 0 0 0 0 0 0 0 0 0 1 0 0 0 0 0 0 0 0 0 0 0 0 0 0 0 1 0 0 0 0 1 1 0 0 0 1 0 0 0 0 0 0 0 0 1 0
4: 0 0 0 1 0 0 1 1 0 0 0 0 0 1 0 0 0 0 0 0 0 0 0 0 0 0 0 0 0 0 0 0 0 0 0 0 0 0 0 0 0 0 0 0 0 0 0 0 1 0 0 1 0 1 1 0 0 0 0 0 0 0 0 0 0 0 0 0 1 0 0 0 0 0 0 0 0 0 0 0 0 0 0 0 0 0 0 0 0 0 0 0 0 0 0 0 0 1 1 0
5: 0 0 0 1 0 0 0 0 0 1 0 0 0 0 0 0 0 0 0 0 0 0 0 0 0 0 0 0 0 0 0 0 0 0 0 0 1 0 0 0 0 0 0 0 0 0 0 0 0 0 1 0 0 0 0 0 0 0 0 0 0 0 1 0 1 0 0 0 0 0 0 0 0 1 0 0 0 0 0 0 0 0 0 0 0 0 0 0 0 0 1 1 0 0 0 0 0 0 0 0
6: 0 0 0 0 0 0 0 0 0 0 0 0 0 0 1 0 0 0 0 0 0 0 0 0 0 1 0 0 0 0 0 0 0 0 0 1 0 0 0 0 0 0 0 0 0 0 0 0 0 0 0 0 0 0 0 0 0 0 0 0 0 0 0 0 0 0 0 0 0 0 0 0 0 0 1 0 1 0 0 0 0 0 0 0 0 1 0 0 0 0 1 0 0 0 0 0 0 0 0 1
7: 0 1 0 0 0 0 0 0 0 0 1 0 0 0 0 0 0 0 0 0 1 1 0 0 0 0 0 1 0 0 1 0 0 0 0 0 0 0 1 0 0 0 0 0 0 0 0 0 0 0 0 0 0 0 0 1 0 0 0 0 0 0 0 0 0 0 0 0 0 0 0 0 0 0 0 0 0 0 0 0 1 0 0 0 0 0 0 0 0 1 0 0 0 0 0 0 1 0 1 0
8: 0 0 0 0 0 0 0 0 1 0 0 0 0 0 0 0 0 0 0 0 0 0 0 0 0 0 0 0 0 0 0 0 0 0 0 0 0 0 0 0 0 0 0 0 0 0 0 1 0 0 0 0 0 0 0 0 0 0 0 0 0 0 0 0 0 0 0 0 0 0 0 0 0 0 0 0 0 0 0 0 0 0 0 0 0 0 0 0 0 0 0 0 0 1 0 0 0 0 0 0
9: 0 0 0 0 0 0 0 0 0 0 0 0 1 0 0 0 0 0 0 0 1 0 0 0 0 0 0 0 1 0 0 0 0 0 0 0 1 0 0 0 1 0 0 1 0 0 0 0 0 1 0 0 0 0 0 0 0 0 0 0 0 0 0 0 0 0 0 0 0 1 0 0 0 0 0 0 0 0 0 0 0 0 0 0 0 0 0 0 0 0 0 0 0 1 0 0 0 1 0 0
10: 0 0 0 0 0 0 0 0 0 0 0 0 0 0 0 0 0 0 0 0 0 0 0 0 0 1 1 0 0 0 0 0 1 0 1 0 0 0 0 0 0 1 0 0 0 0 0 0 0 0 0 0 0 0 0 0 0 0 1 0 0 0 0 0 0 0 0 0 0 0 0 0 1 0 0 0 0 0 0 0 0 0 0 0 0 0 0 0 0 0 0 0 0 0 0 0 0 0 0 0
11: 0 0 0 0 1 0 0 0 0 0 1 0 0 0 1 0 0 0 0 0 0 0 0 1 0 0 0 0 0 0 0 0 0 0 0 0 1 0 0 1 0 1 0 0 0 0 0 0 0 0 0 0 1 0 0 0 0 0 0 0 1 0 0 0 0 0 0 0 0 0 0 0 0 0 0 0 0 0 0 0 0 0 0 0 0 0 0 0 0 1 0 0 0 0 0 0 0 0 0 1
12: 1 0 0 0 0 0 0 0 0 0 0 1 0 0 0 0 0 0 0 0 0 0 0 0 0 1 0 0 0 0 0 1 0 0 0 1 0 0 0 0 0 1 0 1 0 0 0 1 0 0 0 0 0 0 0 0 0 0 0 0 0 1 0 0 0 0 0 0 0 0 0 0 0 1 0 0 0 0 0 0 0 0 0 1 0 0 0 0 0 0 0 0 0 0 1 1 0 0 0 0
13: 0 0 0 0 0 1 0 0 1 0 0 0 0 0 0 0 0 0 0 0 0 0 0 0 0 0 0 0 0 0 0 0 1 1 0 0 0 0 0 0 0 0 0 0 0 0 0 1 0 0 0 0 0 0 0 0 1 0 0 0 0 0 0 1 0 0 0 0 1 0 0 0 1 0 0 0 0 0 0 0 1 0 0 0 0 1 0 0 0 0 0 0 0 0 0 0 0 0 0 0
14: 0 0 0 0 0 0 0 0 0 0 0 0 0 0 0 0 0 0 0 0 0 0 0 0 0 1 0 0 0 0 0 0 1 0 0 0 0 0 0 0 0 0 0 0 0 1 0 0 0 0 0 0 0 0 0 0 0 0 0 0 1 0 0 0 0 0 0 0 0 0 0 0 0 1 0 0 0 1 0 0 1 0 0 1 0 0 0 1 0 0 1 0 0 0 0 1 0 0 0 1
15: 0 0 0 0 0 0 0 0 0 0 0 0 0 0 0 0 0 0 0 0 0 1 0 1 0 0 0 0 0 0 0 1 0 0 0 0 0 0 0 0 0 0 0 0 0 0 0 1 0 0 0 0 0 0 0 0 0 0 0 0 0 0 0 0 0 0 0 0 1 0 0 0 0 0 0 0 0 0 0 0 0 0 0 0 0 0 0 0 1 1 0 0 0 0 0 0 0 0 0 0
16: 0 0 0 0 0 0 0 0 1 1 0 0 0 1 0 0 0 1 0 0 0 0 0 1 1 0 0 0 0 0 0 0 0 0 0 0 0 0 0 0 0 0 0 0 0 0 0 0 0 0 0 0 0 0 0 0 0 0 0 1 0 0 0 0 0 1 0 0 0 0 0 0 0 0 0 0 0 0 0 1 0 0 1 0 0 0 0 1 0 0 0 0 0 0 0 0 0 0 0 0
17: 1 1 0 0 0 0 0 0 0 0 0 0 0 0 0 0 0 0 1 0 0 0 0 0 1 0 0 1 0 0 0 0 0 0 0 0 0 0 0 1 0 0 0 0 1 0 0 1 0 0 0 0 0 0 0 0 0 0 0 0 0 0 0 0 1 0 0 0 0 1 0 0 0 0 0 0 0 0 0 0 0 0 0 0 1 0 0 1 0 0 1 1 0 0 0 0 0 0 0 0
18: 0 1 0 0 0 0 0 0 0 0 0 0 0 0 0 0 0 0 0 0 0 0 0 0 0 0 0 0 0 0 0 0 1 0 0 0 0 0 0 0 0 0 0 0 0 1 0 0 0 0 0 0 0 0 0 0 0 0 0 0 0 0 0 1 0 0 0 0 0 0 0 0 0 0 0 0 0 0 1 0 1 0 0 0 0 0 0 0 0 0 0 1 0 0 0 0 0 1 0 0
19: 0 0 0 0 0 0 0 0 0 0 0 0 0 0 0 0 0 0 0 0 0 0 0 1 0 0 0 0 0 0 0 0 0 0 0 0 0 0 0 0 0 0 0 0 0 0 0 1 0 0 0 0 0 0 0 0 0 0 0 0 0 0 0 0 0 0 1 0 0 0 0 0 0 0 0 0 0 0 1 0 0 1 0 0 0 0 0 0 0 0 0 0 0 0 0 0 0 0 1 0
20: 0 1 1 0 0 0 0 0 0 0 0 0 0 0 0 0 0 0 0 0 0 0 0 0 0 0 0 0 0 0 0 0 0 0 0 0 0 0 0 0 0 0 0 0 0 0 0 0 0 1 0 0 0 0 0 0 0 0 0 0 0 0 0 0 0 0 0 0 0 0 0 0 0 0 0 0 0 0 0 0 0 0 0 0 0 0 0 0 0 0 0 0 0 0 0 0 0 0 0 0
21: 0 1 0 0 0 0 0 0 0 0 1 0 0 0 0 0 0 0 0 0 0 0 0 0 0 1 0 0 0 0 0 0 0 0 0 0 0 0 0 0 0 0 0 0 0 0 0 0 0 0 0 0 0 0 0 0 0 0 0 0 0 1 0 0 0 0 0 0 0 0 1 0 0 0 0 0 0 0 0 0 0 0 0 0 0 0 0 0 0 0 0 0 0 0 0 0 0 0 1 0
22: 0 0 0 0 1 0 0 0 0 0 1 0 0 0 0 0 0 0 0 0 0 0 0 1 0 0 0 0 0 0 0 0 0 0 0 0 0 0 0 0 1 0 0 0 0 0 0 0 0 0 0 0 1 0 0 0 0 0 0 0 0 0 0 0 0 0 1 0 0 0 0 0 0 0 0 0 0 1 0 0 0 0 1 0 0 0 1 0 0 0 0 0 0 0 0 0 0 0 0 0
23: 0 0 0 1 0 0 0 0 0 0 0 1 0 0 0 0 0 0 1 0 0 0 0 0 0 0 0 0 1 0 0 0 0 0 0 0 0 0 0 0 0 0 0 0 0 1 1 0 0 0 0 0 0 0 0 0 0 0 0 0 0 0 0 0 0 0 0 0 1 0 0 0 0 0 0 1 0 0 0 0 0 0 0 0 0 0 0 0 0 0 0 0 0 1 1 0 0 0 0 0
24: 0 0 0 0 0 0 0 0 0 0 0 0 0 0 0 0 0 0 1 0 0 0 0 0 1 0 0 0 0 0 0 0 1 0 0 0 0 0 0 0 1 0 0 0 1 0 0 0 0 0 0 0 0 0 0 0 0 0 0 0 0 0 0 1 1 0 0 0 0 0 0 0 0 0 0 0 0 0 0 0 0 0 0 0 0 1 0 0 0 1 0 0 1 1 0 0 0 0 0 0
25: 1 0 1 0 0 0 0 1 1 0 0 0 0 0 0 0 1 0 1 0 0 0 0 0 0 0 0 0 0 0 0 0 0 0 0 0 0 0 0 0 0 0 1 0 0 0 0 0 0 0 0 0 1 0 0 0 0 0 0 0 0 0 0 0 0 1 0 0 0 0 1 0 0 0 0 0 1 0 0 0 0 0 0 0 0 0 0 0 0 0 1 0 0 0 0 0 0 0 0 0
26: 0 0 0 0 0 0 0 0 1 0 0 0 0 0 0 0 1 0 0 0 0 0 0 0 1 0 0 0 0 0 0 0 1 0 0 0 0 0 0 0 0 0 0 0 0 0 0 0 0 0 0 0 0 0 0 1 0 0 0 0 0 0 0 0 0 0 0 0 0 0 0 0 0 0 0 0 1 0 1 0 0 0 1 0 0 0 0 0 0 0 0 0 0 0 0 0 0 0 0 0
27: 0 0 0 0 0 0 0 0 0 0 0 0 0 0 1 0 0 0 0 0 0 0 0 0 1 0 0 0 0 0 0 0 0 0 0 0 0 0 0 0 0 0 0 1 0 0 0 0 0 0 0 0 0 0 1 0 0 0 0 0 1 0 0 0 0 0 0 0 0 0 0 0 0 0 0 0 0 0 0 0 0 0 0 0 0 0 0 0 0 0 0 0 0 0 1 0 0 0 0 0
28: 1 0 0 0 0 0 0 0 0 0 0 0 0 0 0 0 0 0 0 0 1 0 0 0 0 1 0 1 0 1 0 0 0 0 0 0 0 0 0 0 0 0 0 0 0 0 0 0 0 0 0 0 0 1 0 0 0 0 1 0 0 0 0 0 0 0 0 0 0 0 0 1 0 0 0 0 1 0 0 0 0 1 0 0 0 0 0 0 0 1 0 1 0 0 0 0 0 1 0 0
29: 1 0 0 0 0 0 0 0 0 0 0 0 0 0 1 0 0 0 0 0 0 0 0 1 0 0 0 0 0 1 0 0 1 0 0 0 0 0 0 0 0 0 0 0 0 0 0 1 0 1 0 0 0 0 0 0 0 0 0 0 0 0 0 0 0 0 0 0 0 0 0 0 0 0 1 0 0 0 0 0 0 0 0 0 1 1 0 0 0 0 0 0 0 0 0 0 0 0 0 0
30: 0 0 0 0 0 0 0 0 0 0 0 0 0 1 0 0 0 0 0 0 0 0 0 0 0 0 0 1 0 0 0 0 0 0 1 0 0 0 0 0 0 0 0 0 0 0 0 0 0 0 1 0 0 0 0 1 0 0 0 0 0 0 0 1 0 0 0 0 0 0 0 0 0 0 0 0 0 0 1 0 1 0 0 0 1 0 0 0 0 1 0 0 0 0 0 0 0 0 0 0
31: 0 0 0 0 0 0 0 0 0 0 1 0 0 0 0 0 0 0 1 0 0 0 0 0 1 0 0 0 0 1 0 0 0 1 0 0 0 0 1 0 0 0 0 1 0 0 0 0 1 0 0 0 0 0 1 0 0 0 0 0 0 0 1 0 0 0 0 1 0 0 0 0 0 0 0 0 0 1 0 0 0 0 0 1 0 0 0 0 0 0 0 0 0 0 0 0 0 0 0 0
32: 0 0 0 0 0 0 0 0 0 0 0 1 0 0 0 0 0 0 0 0 0 1 0 0 0 0 1 0 0 1 0 1 0 0 0 1 0 0 0 0 0 0 0 0 0 0 0 0 1 0 0 0 0 0 0 1 0 0 0 0 0 0 1 0 0 0 0 0 0 0 0 0 0 0 0 0 0 0 0 0 0 1 0 0 0 0 0 0 0 0 0 0 1 0 0 0 1 0 0 0
33: 0 0 0 0 1 0 0 0 0 0 0 1 0 1 0 1 0 0 1 0 0 1 1 0 0 0 1 0 0 0 0 0 0 0 0 0 0 0 0 0 0 1 0 0 0 0 0 0 1 0 0 0 0 0 0 0 1 0 0 0 0 0 1 0 0 1 0 0 1 0 0 0 0 0 0 0 1 0 0 0 1 0 0 0 0 0 0 1 0 0 0 1 0 0 0 0 0 0 0 0
34: 0 0 0 0 0 0 0 1 1 0 0 0 1 0 0 0 0 0 0 0 0 0 0 0 0 0 0 0 1 0 0 0 0 0 0 0 0 0 1 0 0 0 0 1 0 0 0 0 0 0 0 0 0 0 0 1 0 1 0 0 0 0 0 0 0 0 0 1 0 1 0 0 0 0 0 1 1 0 0 0 0 0 0 0 0 0 0 0 1 1 0 0 0 0 0 0 0 0 0 0
35: 0 1 0 1 1 0 1 0 0 0 0 0 0 0 0 0 0 0 0 0 0 0 0 0 0 0 0 0 0 0 1 0 0 0 0 0 0 0 0 0 0 0 0 0 0 0 0 0 0 0 0 0 0 0 0 0 0 1 0 0 0 0 0 0 0 0 0 0 0 0 0 0 0 0 0 0 1 1 0 0 0 0 0 0 1 0 0 0 0 0 0 0 0 0 0 0 0 1 1 0
36: 0 0 0 0 0 0 0 0 0 0 0 0 0 0 0 0 0 0 0 0 0 0 0 0 0 0 0 1 0 0 0 0 0 0 0 1 0 1 0 0 0 1 0 0 0 0 0 0 0 0 0 0 0 0 0 0 0 0 0 0 0 0 0 1 0 0 1 0 0 0 0 0 0 0 0 0 0 0 1 0 0 0 0 0 0 0 0 1 1 0 0 0 0 1 0 1 1 0 0 0
37: 0 0 0 1 0 0 0 1 1 0 1 0 0 0 0 0 0 0 0 0 0 0 0 1 0 0 0 0 0 0 0 1 0 0 0 0 0 0 0 0 0 0 0 0 0 0 0 0 0 0 0 0 0 0 0 0 0 0 1 0 0 0 0 0 0 0 0 0 0 0 0 0 0 0 0 0 0 0 0 0 0 0 0 0 0 0 0 0 0 1 1 0 1 0 1 0 0 0 0 0
38: 0 1 0 0 0 0 0 0 0 0 0 0 0 0 0 0 0 0 0 0 0 0 0 0 0 0 0 0 0 0 0 0 0 0 0 0 0 0 0 0 0 0 0 0 1 0 0 0 0 0 0 0 0 0 0 0 0 0 0 0 0 0 0 0 0 0 0 0 0 0 0 0 0 1 0 1 0 0 0 0 0 0 0 0 0 0 0 0 0 0 0 0 0 0 0 0 0 0 0 0
39: 0 0 0 0 1 0 0 1 0 0 0 0 0 0 0 0 0 0 0 0 0 0 0 0 0 0 0 0 0 0 0 1 0 0 0 1 0 0 0 0 0 0 0 0 0 0 0 1 0 0 0 0 0 0 0 0 0 0 1 1 0 0 0 0 0 0 0 0 0 0 1 0 0 0 0 0 0 0 0 0 0 0 0 0 0 0 0 0 0 1 0 1 0 0 0 0 0 0 1 0
40: 0 0 0 0 0 0 0 0 0 1 0 0 0 0 1 0 0 0 0 0 0 0 0 0 0 1 0 0 0 0 0 0 0 0 0 0 0 0 0 0 0 0 0 0 0 0 0 0 0 0 0 0 0 0 1 0 0 0 0 0 0 0 0 1 0 0 0 0 0 0 0 0 0 0 0 0 0 0 0 0 0 0 0 1 0 1 0 0 0 0 0 0 0 0 0 0 0 0 0 0
41: 0 0 0 0 0 0 0 0 0 0 0 0 0 0 0 0 0 0 0 0 0 0 0 0 0 1 0 0 0 0 0 0 0 0 0 0 0 0 0 0 0 0 0 0 0 0 0 0 1 0 0 0 0 0 0 0 0 0 0 0 1 0 0 0 0 0 0 0 1 0 0 0 0 0 0 0 0 1 0 0 0 0 0 0 0 0 0 0 0 0 1 0 0 0 0 1 0 0 0 0
42: 0 0 0 0 1 0 0 0 0 0 0 0 0 0 0 0 0 0 0 0 0 0 0 0 1 0 0 0 0 0 0 0 0 1 0 0 0 0 0 0 0 0 0 0 0 0 0 1 1 0 0 0 0 0 0 0 0 0 1 0 0 0 0 0 0 0 0 0 0 0 0 0 0 0 0 0 0 0 0 0 1 0 0 0 0 0 0 1 0 0 0 0 0 1 0 0 0 0 0 0
43: 0 0 0 0 0 0 0 0 0 0 0 0 1 0 0 0 0 0 0 0 0 0 0 0 0 0 0 0 0 0 0 0 0 0 0 0 0 0 0 0 1 0 0 0 0 0 0 0 0 1 1 0 0 0 0 0 0 1 0 0 0 0 0 0 0 0 0 1 0 0 0 0 0 0 0 0 0 0 0 0 1 0 1 0 0 0 0 0 0 0 0 1 0 0 0 0 0 1 0 0
44: 0 0 0 0 0 0 0 1 0 0 0 0 0 0 0 0 0 0 0 0 0 0 0 0 0 0 1 0 0 0 1 0 0 0 0 0 1 1 0 0 0 1 0 0 0 0 0 0 0 0 0 0 0 1 0 0 0 0 0 0 0 0 0 0 0 0 0 0 0 0 0 0 0 0 0 0 0 0 0 0 0 0 0 0 0 1 1 0 0 0 0 0 0 0 0 0 0 0 0 0
45: 0 0 0 0 0 0 0 0 0 0 0 0 0 0 0 0 0 0 0 0 0 0 0 0 0 0 0 1 0 0 0 0 0 0 1 0 0 0 0 0 0 1 0 0 0 0 0 0 0 0 0 0 0 0 0 0 0 0 0 0 1 0 0 1 0 0 0 0 0 0 0 0 0 0 0 1 0 0 0 0 0 0 0 0 0 0 0 0 0 1 0 0 0 0 0 0 0 0 0 0
46: 0 0 0 0 0 0 0 0 0 0 0 0 0 0 0 0 0 0 0 0 0 0 0 0 0 0 0 0 0 0 0 0 0 0 1 0 0 0 0 1 0 0 0 0 0 0 0 0 0 0 0 0 0 0 0 0 0 0 0 0 0 0 0 0 0 0 0 0 0 0 0 0 1 0 1 1 0 0 0 0 1 0 1 0 0 0 0 0 0 0 1 0 1 1 0 0 0 0 0 0
47: 1 0 0 0 0 0 1 0 0 0 0 0 0 1 0 0 0 0 0 1 0 0 0 0 0 0 0 0 0 0 0 0 0 0 0 0 0 0 0 1 0 0 0 0 0 0 0 0 0 0 0 0 0 0 0 0 0 0 0 0 1 0 0 0 0 0 0 1 0 0 0 0 0 0 1 0 0 0 0 0 0 1 1 0 0 0 0 0 0 0 0 0 0 0 1 0 0 0 0 0
48: 0 0 0 0 0 0 0 0 0 0 0 0 0 0 0 0 1 0 0 0 0 1 0 0 1 0 0 0 0 0 1 0 0 0 0 0 0 0 0 0 0 0 0 0 1 0 1 0 0 0 0 1 0 0 0 1 0 1 0 0 0 0 0 0 0 0 0 0 0 0 0 0 0 0 0 0 1 0 0 0 0 0 0 0 0 0 1 0 0 0 0 0 0 0 0 0 1 0 0 0
49: 0 0 0 0 0 0 0 0 0 0 0 0 0 1 0 0 0 0 0 0 0 0 0 0 0 0 0 0 0 0 0 0 0 0 0 1 0 0 0 0 0 0 0 0 0 0 0 0 1 0 0 0 1 1 0 0 0 0 0 1 0 0 0 0 0 0 0 0 0 0 0 0 0 0 1 0 0 0 0 0 0 0 0 0 0 0 0 0 1 0 0 1 0 0 0 0 0 0 1 0

0: 0 2 2 2 2 2 2 2 1 1 2 2 1 2 2 2 1 1 1 1 2 2 2 2 1 1 1 1 1 2 1 1 1 1 1 2 1 2 2 2 1 2 2 1 2 1 1 1 1 1 1 1 1 1 1 1 1 2 2 2 2 2 1 1 2 2 2 2 1 2 2 2 2 1 1 2 1 1 2 1 2 2 1 2 1 1 2 1 2 1 1 1 1 2 1 2 2 1 2 2
1: 2 0 2 2 2 2 2 2 1 1 2 2 2 1 1 2 2 2 1 1 1 1 1 2 1 2 1 2 1 1 2 1 2 2 1 1 1 2 1 2 1 1 2 2 2 2 1 2 1 2 1 1 2 1 1 2 1 1 2 1 1 2 1 2 2 2 1 2 1 2 1 1 2 2 2 1 1 2 2 1 2 1 1 2 2 1 2 2 2 2 2 2 2 2 2 2 1 1 1 2
2: 2 2 0 2 2 1 2 1 2 2 2 2 2 2 1 2 1 1 2 1 1 2 1 2 1 2 2 2 2 2 1 2 2 1 2 1 1 2 1 2 1 2 2 2 2 1 2 2 2 1 2 1 1 1 1 2 1 1 1 2 1 2 2 2 2 2 1 2 1 1 2 1 2 1 2 1 2 1 2 2 2 2 2 2 1 1 2 2 1 2 2 1 1 2 2 1 1 2 1 1
3: 2 2 2 0 2 1 1 1 1 1 1 2 2 1 2 1 2 2 2 2 1 2 1 2 1 2 1 1 2 2 2 2 1 1 1 2 1 1 2 1 2 2 1 2 2 2 1 1 2 1 2 1 1 1 2 2 2 2 2 2 1 1 2 2 1 1 1 1 1 2 2 2 2 2 1 1 1 1 2 1 2 2 2 1 1 2 1 2 2 1 2 2 1 2 2 2 2 2 1 2
4: 2 2 2 2 0 2 2 2 1 1 1 1 1 1 2 1 2 2 2 1 1 1 1 2 1 2 1 1 1 1 1 1 1 1 1 2 1 2 2 2 2 1 1 2 1 2 1 2 1 2 1 1 2 1 2 1 1 1 2 2 2 1 1 1 2 1 2 2 1 1 2 1 2 1 1 1 1 2 1 1 1 2 2 1 2 2 1 1 1 1 1 1 2 2 1 2 1 2 2 1
5: 2 2 1 1 2 0 1 1 1 2 2 1 2 1 1 1 2 1 1 1 1 2 1 2 2 2 1 1 1 1 2 1 1 1 1 1 1 1 1 1 2 2 2 2 1 1 1 1 1 1 1 2 1 2 1 1 2 1 1 2 2 1 1 2 2 2 2 1 1 2 2 1 2 1 1 1 2 1 1 2 1 2 2 2 2 1 1 1 2 1 1 1 2 2 1 1 2 1 1 2
6: 2 2 2 1 2 1 0 1 1 1 1 2 2 1 2 2 2 1 2 1 2 1 1 2 1 2 2 2 1 2 1 1 2 1 1 2 1 1 1 1 2 2 2 1 1 2 1 2 2 2 2 1 2 1 1 2 2 1 2 2 1 1 1 1 1 2 1 2 1 1 2 1 1 1 2 2 1 1 2 1 2 1 2 2 1 2 2 2 2 2 2 1 1 2 1 1 2 1 1 1
7: 2 2 1 1 2 1 1 0 2 2 2 2 2 1 1 1 2 2 1 1 2 1 2 2 1 1 1 2 2 2 2 2 1 1 2 2 2 2 2 1 1 1 2 1 1 2 1 2 1 2 2 2 2 1 1 1 2 1 1 1 1 2 1 2 1 1 2 2 2 1 2 2 2 1 2 1 2 2 1 2 1 1 2 2 2 1 1 1 2 2 2 1 1 1 2 1 2 1 2 1
8: 1 1 2 1 1 1 1 2 0 2 2 1 2 2 2 2 2 2 1 2 2 2 2 2 1 1 2 2 2 2 2 2 1 2 1 1 2 1 1 1 1 1 2 2 2 1 2 1 2 1 1 1 2 2 1 1 1 2 2 1 2 1 2 1 2 2 2 1 2 1 2 2 1 1 1 2 1 2 1 2 1 2 1 1 2 1 1 1 1 1 1 1 2 1 2 2 1 2 1 1
9: 1 1 2 1 1 2 1 2 2 0 2 2 1 1 2 2 2 2 1 2 1 2 1 2 1 1 2 2 1 2 1 1 1 1 1 1 2 2 2 2 1 2 1 1 1 1 1 2 1 1 1 1 2 1 1 1 2 2 2 2 1 1 1 2 2 1 1 2 2 1 2 2 2 2 2 2 1 2 2 2 1 1 2 2 1 2 1 2 2 1 2 1 1 1 2 2 1 1 2 1
10: 2 2 2 1 1 2 1 2 2 2 0 1 2 1 2 2 2 1 1 2 2 1 2 1 2 1 1 2 1 2 2 2 2 2 2 2 1 2 2 1 1 2 1 1 2 1 1 1 1 2 2 2 2 1 2 2 2 1 1 1 2 2 2 1 1 2 2 1 2 2 2 1 2 1 1 1 2 1 2 2 1 1 1 2 2 2 2 1 1 2 1 1 1 2 1 1 2 2 2 2
11: 2 2 2 2 1 1 2 2 1 2 1 0 1 2 1 2 1 2 1 2 2 2 2 2 1 2 2 2 1 1 1 2 1 2 2 2 2 1 1 2 1 1 2 2 2 1 1 2 1 2 2 2 2 1 1 2 2 1 1 2 1 1 2 1 1 1 2 2 1 1 2 1 1 1 2 2 1 2 2 1 1 1 1 1 1 2 1 1 2 1 1 2 1 2 1 2 1 2 1 2
12: 1 2 2 2 1 2 2 2 2 1 2 1 0 2 2 1 2 1 2 2 2 2 2 2 2 1 2 2 1 2 1 2 2 2 1 2 2 1 1 1 1 2 2 2 2 1 1 2 1 2 2 1 1 2 1 1 1 2 1 2 2 2 2 1 1 2 1 2 2 1 2 1 1 1 2 1 1 2 2 2 2 1 2 2 2 1 2 2 1 2 2 2 2 2 1 1 1 1 1 1
13: 2 1 2 1 1 1 1 1 2 1 1 2 2 0 1 2 2 1 1 1 1 2 2 2 1 2 1 1 1 1 1 2 2 1 1 1 1 2 2 1 2 2 1 1 1 2 1 1 2 1 2 1 2 2 2 1 2 1 2 1 2 1 2 1 2 2 2 2 1 2 1 1 1 1 1 1 2 2 1 1 1 2 2 1 1 2 1 1 2 2 2 2 1 2 1 2 2 1 1 2
14: 2 1 1 2 2 1 2 1 2 2 2 1 2 1 0 1 2 2 1 2 1 2 1 1 2 1 1 2 1 2 1 1 1 1 1 1 1 2 2 1 2 1 2 1 2 2 1 1 2 2 2 2 1 1 1 1 1 1 1 2 2 1 1 2 2 1 2 1 1 1 2 2 1 2 1 2 2 2 2 1 2 1 2 1 2 1 2 1 1 2 2 2 1 2 2 2 2 1 1 2
15: 2 2 2 1 1 1 2 1 2 2 2 2 1 2 1 0 2 1 2 1 1 2 1 1 1 1 2 2 1 1 2 1 1 1 2 1 2 2 2 2 1 1 2 1 2 2 2 1 2 2 1 2 2 2 2 1 1 2 1 1 2 2 2 1 1 2 2 1 1 1 2 1 2 1 2 1 2 1 2 1 1 1 2 1 1 1 1 1 2 2 1 2 1 1 1 2 1 2 1 2
16: 1 2 1 2 2 2 2 2 2 2 2 1 2 2 2 2 0 2 1 2 2 1 2 1 2 2 1 2 1 2 1 1 2 2 2 1 1 2 1 2 1 2 1 2 2 1 1 2 2 1 1 1 1 1 1 2 1 2 2 1 2 1 2 1 2 2 1 1 1 2 2 2 1 1 1 2 2 1 2 2 1 1 1 1 2 1 1 1 1 1 2 2 2 1 2 2 2 1 2 2
17: 1 2 1 2 2 1 1 2 2 2 1 2 1 1 2 1 2 0 2 1 1 1 1 2 2 2 2 1 2 1 2 2 1 1 2 2 1 2 1 2 2 2 2 1 1 1 1 2 1 2 1 1 2 2 1 2 2 2 2 2 2 1 2 1 1 1 2 2 1 2 2 2 2 1 1 1 1 2 2 1 1 1 1 2 2 2 2 2 1 1 1 2 1 1 2 2 2 2 1 2
18: 1 1 2 2 2 1 2 1 1 1 1 1 2 1 1 2 1 2 0 1 2 1 1 2 1 2 2 2 2 2 2 2 2 1 1 1 1 1 2 1 2 1 1 1 2 1 1 2 2 2 1 2 1 1 2 1 2 1 2 2 2 1 2 2 1 2 2 2 2 2 1 1 2 1 1 1 2 1 1 1 1 1 2 1 2 2 2 1 1 2 1 2 1 2 1 2 2 1 2 1
19: 1 1 1 2 1 1 1 1 2 2 2 2 2 1 2 1 2 1 1 0 2 2 2 1 1 1 2 1 1 1 2 2 1 2 1 1 2 1 1 2 1 1 1 1 1 1 2 2 1 1 1 1 1 1 2 1 1 1 1 2 1 2 1 2 2 2 1 1 1 2 2 1 2 1 1 2 2 1 1 2 1 2 2 2 2 2 2 2 1 2 1 2 2 2 1 2 2 2 1 1
20: 2 1 1 1 1 1 2 2 2 1 2 2 2 1 1 1 2 1 2 2 0 1 1 2 2 2 2 1 1 2 2 1 1 2 1 2 1 2 2 2 1 2 1 1 1 2 2 2 1 1 1 1 2 2 2 2 2 2 2 2 1 2 1 2 2 1 2 1 2 2 1 2 1 2 1 2 2 1 1 1 1 1 1 2 1 2 1 2 2 2 1 1 2 1 1 1 2 2 2 1
21: 2 1 2 2 1 2 1 1 2 2 1 2 2 2 2 2 1 1 1 2 1 0 1 1 1 1 2 2 1 2 2 1 2 2 2 1 2 2 2 1 2 1 2 2 2 2 1 1 2 2 2 1 1 1 2 1 2 1 1 2 1 2 2 1 1 2 1 2 2 2 1 1 2 1 1 2 2 1 1 2 2 2 1 1 2 1 2 2 1 2 2 1 2 1 1 1 1 1 2 1
22: 2 1 1 1 1 1 1 2 2 1 2 2 2 2 1 1 2 1 1 2 1 1 0 2 2 1 2 1 2 1 1 2 2 2 2 2 2 2 1 1 2 2 2 2 2 2 2 2 1 1 2 1 2 2 1 1 2 2 1 1 2 2 2 1 2 1 1 2 2 1 2 1 2 2 2 2 2 2 2 2 1 2 2 2 2 2 1 1 2 1 1 1 2 1 1 2 1 2 1 1
23: 2 2 2 2 2 2 2 2 2 2 1 2 2 2 1 1 1 2 2 1 2 1 2 0 2 1 2 1 2 2 1 2 2 1 1 1 2 1 1 2 2 1 2 2 1 2 2 2 2 1 1 2 2 2 2 2 1 1 2 2 2 2 2 2 1 2 1 1 2 1 2 1 1 2 2 1 2 1 2 2 1 1 2 2 2 1 2 1 1 2 2 2 1 2 2 2 2 1 1 1
24: 1 1 1 1 1 2 1 1 1 1 2 1 2 1 2 1 2 2 1 1 2 1 2 2 0 1 1 2 1 1 2 1 1 1 1 2 2 2 2 2 1 1 1 1 1 1 1 2 1 1 1 1 1 1 2 1 2 1 2 2 1 1 1 2 1 2 1 2 2 1 1 1 2 1 1 1 2 2 1 1 2 2 1 2 2 1 1 2 1 2 2 1 2 1 1 1 2 1 2 1
25: 1 2 2 2 2 2 2 1 1 1 1 2 1 2 1 1 2 2 2 1 2 1 1 1 1 0 1 2 1 2 2 2 1 2 2 2 1 1 1 1 1 1 1 2 2 2 2 2 2 2 2 2 2 1 1 2 1 2 1 1 2 1 1 2 1 2 1 1 2 2 2 2 1 1 2 2 2 2 2 2 2 1 2 1 1 1 2 1 2 1 2 2 2 1 2 1 2 2 2 2
26: 1 1 2 1 1 1 2 1 2 2 1 2 2 1 1 2 1 2 2 2 2 2 2 2 1 1 0 2 1 1 2 1 2 1 1 1 1 1 2 1 2 2 1 2 1 2 2 2 1 2 1 2 2 1 1 1 1 1 2 1 1 2 1 1 1 2 2 2 2 2 2 1 2 2 1 2 1 1 2 2 2 2 1 1 1 1 2 2 1 2 1 1 1 2 1 1 1 1 1 1
27: 1 2 2 1 1 1 2 2 2 2 2 2 2 1 2 2 2 1 2 1 1 2 1 1 2 2 2 0 1 2 2 1 2 1 1 1 1 1 1 2 1 1 1 1 2 1 2 2 1 1 1 2 2 1 1 1 1 1 2 2 1 1 1 1 1 1 2 1 1 1 2 1 1 1 1 2 1 2 2 2 1 2 1 1 1 2 2 1 2 1 2 1 2 1 1 2 2 1 2 2
28: 1 1 2 2 1 1 1 2 2 1 1 1 1 1 1 1 1 2 2 1 1 1 2 2 1 1 1 1 0 2 1 2 1 2 2 2 2 2 1 1 1 2 2 1 2 2 2 1 2 2 2 2 1 2 2 1 2 1 1 1 1 1 2 2 2 1 2 1 1 1 1 2 1 1 2 1 1 1 1 2 2 2 1 2 1 2 2 2 1 2 2 1 2 2 2 1 2 1 2 1
29: 2 1 2 2 1 1 2 2 2 2 2 1 2 1 2 1 2 1 2 1 2 2 1 2 1 2 1 2 2 0 1 1 1 2 1 2 2 1 1 1 1 2 2 1 1 1 2 1 1 1 1 1 1 1 2 2 1 1 2 2 1 2 2 1 1 1 1 2 1 2 1 1 2 1 1 1 2 1 1 1 2 2 1 2 2 2 1 1 2 1 2 2 1 2 1 1 2 2 1 1
30: 1 2 1 2 1 2 1 2 2 1 2 1 1 1 1 2 1 2 2 2 2 2 1 1 2 2 2 2 1 1 0 2 1 2 1 2 2 2 1 1 2 2 2 1 2 2 2 2 2 2 1 2 2 1 2 2 1 2 1 2 2 1 1 1 2 2 2 2 1 1 1 2 2 2 1 1 2 2 2 2 2 1 1 1 1 2 2 2 2 1 1 1 2 2 1 2 1 1 2 1
31: 1 1 2 2 1 1 1 2 2 1 2 2 2 2 1 1 1 2 2 2 1 1 2 2 1 2 1 1 2 1 2 0 1 2 2 1 1 1 2 2 1 2 1 2 1 2 2 1 2 2 2 2 1 1 1 1 2 2 2 2 2 1 1 1 1 2 2 1 2 2 2 1 1 2 2 2 1 2 2 2 1 2 1 1 1 1 1 2 1 2 1 1 1 1 1 2 2 2 2 2
32: 1 2 2 1 1 1 2 1 1 1 2 1 2 2 1 1 2 1 2 1 1 2 2 2 1 1 2 2 1 1 1 1 0 1 1 2 1 1 1 1 2 2 1 1 1 2 2 1 2 1 2 2 1 1 2 2 1 1 1 2 2 2 1 1 2 1 1 1 1 2 2 2 1 2 1 2 2 2 2 2 2 1 1 2 2 1 2 2 2 2 2 1 1 1 1 2 1 1 2 2
33: 1 2 1 1 1 1 1 1 2 1 2 2 2 1 1 1 2 1 1 2 2 2 2 1 1 2 1 1 2 2 2 2 1 0 2 1 1 1 1 2 1 1 2 2 2 2 2 1 1 2 1 1 1 1 1 2 1 2 2 1 1 1 1 2 1 1 1 2 1 2 2 1 2 2 2 1 2 2 2 2 2 1 1 1 1 1 1 1 1 1 2 2 1 1 1 2 2 2 2 2
34: 1 1 2 1 1 1 1 2 1 1 2 2 1 1 1 2 2 2 1 1 1 2 2 1 1 2 1 1 2 1 1 2 1 2 0 1 2 1 2 2 1 2 2 2 2 1 2 2 1 2 2 1 2 2 1 1 1 2 2 1 2 1 2 2 2 1 2 2 1 2 2 2 2 1 1 1 1 2 1 1 1 1 1 2 1 1 2 1 1 2 2 1 2 1 1 2 2 1 2 1
35: 2 1 1 2 2 1 2 2 1 1 2 2 2 1 1 1 1 2 1 1 2 1 2 1 2 2 1 1 2 2 2 1 2 1 1 0 2 2 2 2 1 1 1 2 1 2 2 2 2 1 2 1 1 2 2 1 1 1 1 2 2 1 2 2 2 1 1 1 2 1 1 1 2 1 1 1 1 2 2 2 2 2 1 2 1 1 2 2 2 1 2 1 1 2 1 2 2 2 2 1
36: 1 1 1 1 1 1 1 2 2 2 1 2 2 1 1 2 1 1 1 2 1 2 2 2 2 1 1 1 2 2 2 1 1 1 2 2 0 2 2 2 2 1 2 2 2 1 1 2 2 2 2 2 2 2 2 2 1 1 1 1 1 2 1 2 2 1 2 1 2 2 2 1 1 2 1 2 2 1 1 2 1 1 1 1 1 2 2 2 1 1 2 1 2 1 1 1 1 2 1 2
37: 2 2 2 1 2 1 1 2 1 2 2 1 1 2 2 2 2 2 1 1 2 2 2 1 2 1 1 1 2 1 2 1 1 1 1 2 2 0 1 1 2 2 1 1 1 2 1 2 1 2 1 1 2 1 1 2 1 1 1 2 1 1 2 2 2 2 2 1 2 1 2 1 1 1 1 2 2 2 1 1 2 1 1 1 2 1 1 2 1 1 1 1 1 1 1 1 2 1 2 2
38: 2 1 1 2 2 1 1 2 1 2 2 1 1 2 2 2 1 1 2 1 2 2 1 1 2 1 2 1 1 1 1 2 1 1 2 2 2 1 0 1 1 1 2 1 1 2 2 1 1 1 2 2 2 2 2 1 2 2 2 2 2 1 2 1 2 2 2 1 2 2 1 1 2 2 1 1 1 1 1 1 1 1 2 2 1 1 2 2 1 1 2 2 2 1 2 2 1 2 1 2
39: 2 2 2 1 2 1 1 1 1 2 1 2 1 1 1 2 2 2 1 2 2 1 1 2 2 1 1 2 1 1 1 2 1 2 2 2 2 1 1 0 1 2 1 2 2 2 1 2 1 1 2 1 2 2 1 1 1 1 1 1 1 2 2 2 2 2 1 1 1 1 1 2 2 2 1 1 2 1 2 1 2 2 2 1 2 1 1 1 2 1 2 1 1 2 2 2 1 2 1 1
40: 1 1 1 2 2 2 2 1 1 1 1 1 1 2 2 1 1 2 2 1 1 2 2 2 1 1 2 1 1 1 2 1 2 1 1 1 2 2 1 1 0 2 2 2 1 1 1 1 1 1 1 1 1 2 2 2 1 2 1 2 1 1 2 1 1 1 1 2 1 2 2 2 2 1 1 1 1 1 1 2 2 1 2 2 1 2 1 2 2 2 1 1 1 2 2 2 1 1 1 2
41: 2 1 2 2 1 2 2 1 1 2 2 1 2 2 1 1 2 2 1 1 2 1 2 1 1 1 2 1 2 2 2 2 2 1 2 1 1 2 1 2 2 0 1 2 1 1 2 2 1 2 2 1 2 2 1 2 2 1 2 1 2 2 1 2 1 1 1 2 1 1 2 2 2 1 2 2 1 1 2 2 2 2 1 1 2 2 2 1 2 2 1 2 1 2 1 2 1 2 1 1
42: 2 2 2 1 1 2 2 2 2 1 1 2 2 1 2 2 1 2 1 1 1 2 2 2 1 1 1 1 2 2 2 1 1 2 2 1 2 1 2 1 2 1 0 1 2 2 2 2 1 2 2 1 2 2 2 2 2 2 1 2 1 2 1 2 1 2 1 1 1 2 1 2 2 1 2 1 1 2 1 2 1 1 2 1 1 1 1 1 1 1 2 2 2 1 2 1 1 2 1 1
43: 1 2 2 2 2 2 1 1 2 1 1 2 2 1 1 1 2 1 1 1 1 2 2 2 1 2 2 1 1 1 1 2 1 2 2 2 2 1 1 2 2 2 1 0 1 2 2 1 2 1 1 2 2 2 2 1 1 1 2 1 1 1 1 1 2 2 2 1 2 1 2 1 2 2 1 2 1 2 2 2 2 2 1 2 2 2 2 2 2 1 1 1 2 1 2 2 1 1 2 2
44: 2 2 2 2 1 1 1 1 2 1 2 2 2 1 2 2 2 1 2 1 1 2 2 1 1 2 1 2 2 1 2 1 1 2 2 1 2 1 1 2 1 1 2 1 0 1 2 2 2 2 2 1 1 2 2 2 1 1 1 1 1 2 2 1 1 1 2 1 2 1 1 2 2 2 1 2 2 2 2 2 1 1 1 1 1 1 2 1 1 1 2 2 1 1 1 1 2 2 2 2
45: 1 2 1 2 2 1 2 2 1 1 1 1 1 2 2 2 1 1 1 1 2 2 2 2 1 2 2 1 2 1 2 2 2 2 1 2 1 2 2 2 1 1 2 2 1 0 1 2 2 2 2 1 1 2 2 2 2 1 2 2 2 1 1 1 1 2 1 2 1 2 1 2 2 2 2 1 2 1 1 1 2 2 1 1 1 1 1 2 1 1 2 1 1 2 2 2 2 1 2 2
46: 1 1 2 1 1 1 1 1 2 1 1 1 1 1 1 2 1 1 1 2 2 1 2 2 1 2 2 2 2 2 2 2 2 2 2 2 1 1 2 1 1 2 2 2 2 1 0 1 1 1 2 1 1 2 2 2 1 1 1 2 2 1 2 2 1 1 2 1 2 2 1 1 1 2 2 2 1 1 1 1 1 1 2 2 1 1 2 1 2 2 2 2 2 1 2 1 2 2 1 1
47: 1 2 2 1 2 1 2 2 1 2 1 2 2 1 1 1 2 2 2 2 2 1 2 2 2 2 2 2 1 1 2 1 1 1 2 2 2 2 1 2 1 2 2 1 2 2 1 0 1 1 1 2 1 1 1 2 2 2 2 1 1 1 1 2 1 2 2 2 2 1 1 1 2 1 1 2 2 2 2 2 2 1 1 2 2 1 1 1 2 1 2 2 1 1 2 1 2 2 1 1
48: 1 1 2 2 1 1 2 1 2 1 1 1 1 2 2 2 2 1 2 1 1 2 1 2 1 2 1 1 2 1 2 2 2 1 1 2 2 1 1 1 1 1 1 2 2 2 1 1 0 1 2 2 2 2 1 2 1 1 1 1 2 1 1 2 2 1 1 2 2 2 1 1 2 1 2 2 1 1 2 2 1 1 1 1 1 1 2 1 2 2 1 1 1 2 1 1 1 2 1 1
49: 1 2 1 1 2 1 2 2 1 1 2 2 2 1 2 2 1 2 2 1 1 2 1 1 1 2 2 1 2 1 2 2 1 2 2 1 2 2 1 1 1 2 2 1 2 2 1 1 1 0 2 1 2 1 1 1 2 1 2 1 2 1 2 2 2 1 2 1 1 2 2 1 1 1 1 2 1 1 2 1 2 1 1 2 2 1 2 1 1 2 1 2 2 1 2 2 1 2 2 2
50: 1 1 2 2 1 1 2 2 1 1 2 2 2 2 2 1 1 1 1 1 1 2 2 1 1 2 1 1 2 1 1 2 2 1 2 2 2 1 2 2 1 2 2 1 2 2 2 1 2 2 0 2 1 2 2 1 1 1 2 1 1 2 2 2 2 1 2 1 2 2 1 2 1 1 2 2 2 1 2 1 1 2 2 2 2 2 2 2 1 1 2 1 2 2 2 2 1 1 1 2
51: 1 1 1 1 1 2 1 2 1 1 2 2 1 1 2 2 1 1 2 1 1 1 1 2 1 2 2 2 2 1 2 2 2 1 1 1 2 1 2 1 1 1 1 2 1 1 1 2 2 1 2 0 1 2 2 2 2 1 2 2 1 1 2 2 2 2 1 2 2 1 1 1 2 2 2 1 1 1 2 1 1 2 2 2 1 2 2 1 1 2 2 2 2 1 1 2 2 2 2 1
52: 1 2 1 1 2 1 2 2 2 2 2 2 1 2 1 2 1 2 1 1 2 1 2 2 1 2 2 2 1 1 2 1 1 1 2 1 2 2 2 2 1 2 2 2 1 1 1 1 2 2 1 1 0 1 2 1 1 2 1 1 1 1 1 2 1 1 2 1 2 2 1 2 2 2 1 2 1 2 2 2 2 2 1 2 1 2 1 2 2 1 2 2 2 1 1 1 2 1 1 1
53: 1 1 1 1 1 2 1 1 2 1 1 1 2 2 1 2 1 2 1 1 2 1 2 2 1 1 1 1 2 1 1 1 1 1 2 2 2 1 2 2 2 2 2 2 2 2 2 1 2 1 2 2 1 0 1 2 1 1 2 2 2 2 2 2 2 1 1 2 2 2 1 1 1 1 2 2 1 1 1 2 1 1 2 1 1 1 2 2 2 1 2 2 2 1 1 1 2 2 2 2
54: 1 1 1 2 2 1 1 1 1 1 2 1 1 2 1 2 1 1 2 2 2 2 1 2 2 1 1 1 2 2 2 1 2 1 1 2 2 1 2 1 2 1 2 2 2 2 2 1 1 1 2 2 2 1 0 2 1 1 1 1 2 2 1 2 1 1 1 1 2 1 1 1 1 1 1 2 2 1 2 2 1 1 1 1 2 1 1 1 2 2 2 2 2 1 2 2 2 1 2 2
55: 1 2 2 2 1 1 2 1 1 1 2 2 1 1 1 1 2 2 1 1 2 1 1 2 1 2 1 1 1 2 2 1 2 2 1 1 2 2 1 1 2 2 2 1 2 2 2 2 2 1 1 2 1 2 2 0 1 1 2 2 1 1 1 1 1 2 1 2 2 1 1 1 2 2 1 2 1 2 2 1 1 2 1 1 1 1 2 2 2 2 1 2 1 1 2 1 1 1 2 1
56: 1 1 1 2 1 2 2 2 1 2 2 2 1 2 1 1 1 2 2 1 2 2 2 1 2 1 1 1 2 1 1 2 1 1 1 1 1 1 2 1 1 2 2 1 1 2 1 2 1 2 1 2 1 1 1 1 0 2 1 1 1 1 2 1 2 1 2 2 2 2 1 2 1 2 1 1 2 2 2 2 1 2 1 1 2 2 2 1 1 1 1 2 1 1 1 2 2 2 2 1
57: 2 1 1 2 1 1 1 1 2 2 1 1 2 1 1 2 2 2 1 1 2 1 2 1 1 2 1 1 1 1 2 2 1 2 2 1 1 1 2 1 2 1 2 1 1 1 1 2 1 1 1 1 2 1 1 1 2 0 2 1 1 2 1 1 1 1 1 2 2 2 1 2 1 2 1 2 2 2 2 1 1 2 2 1 2 1 2 2 1 1 2 1 1 1 2 1 1 1 1 1
58: 2 2 1 2 2 1 2 1 2 2 1 1 1 2 1 1 2 2 2 1 2 1 1 2 2 1 2 2 1 2 1 2 1 2 2 1 1 1 2 1 1 2 1 2 1 2 1 2 1 2 2 2 1 2 1 2 1 2 0 1 1 1 2 2 2 1 2 1 1 2 2 2 2 2 1 2 1 2 2 1 2 2 2 1 2 2 2 2 1 2 2 2 1 2 1 1 2 1 1 2
59: 2 1 2 2 2 2 2 1 1 2 1 2 2 1 2 1 1 2 2 2 2 2 1 2 2 1 1 2 1 2 2 2 2 1 1 2 1 2 2 1 2 1 2 1 1 2 2 1 1 1 1 2 1 2 1 2 1 1 1 0 2 1 2 2 2 2 1 2 1 1 1 2 2 1 2 2 2 1 2 1 2 1 2 1 2 2 1 2 1 1 1 2 1 2 1 2 2 1 1 2
60: 2 1 1 1 2 2 1 1 2 1 2 1 2 2 2 2 2 2 2 1 1 1 2 2 1 2 1 1 1 1 2 2 2 1 2 2 1 1 2 1 1 2 1 1 1 2 2 1 2 2 1 1 1 2 2 1 1 1 1 2 0 1 1 2 2 1 2 2 1 2 1 1 1 1 2 1 2 2 1 2 2 1 1 2 1 1 2 1 2 1 1 2 1 1 1 2 2 1 1 1
61: 2 2 2 1 1 1 1 2 1 1 2 1 2 1 1 2 1 1 1 2 2 2 2 2 1 1 2 1 1 2 1 1 2 1 1 1 2 1 1 2 1 2 2 1 2 1 1 1 1 1 2 1 1 2 2 1 1 2 1 1 1 0 2 1 1 1 2 2 1 1 1 1 1 1 2 2 2 1 2 1 1 2 1 1 2 2 2 1 1 2 1 1 1 2 2 1 2 1 1 1
62: 1 1 2 2 1 1 1 1 2 1 2 2 2 2 1 2 2 2 2 1 1 2 2 2 1 1 1 1 2 2 1 1 1 1 2 2 1 2 2 2 2 1 1 1 2 1 2 1 1 2 2 2 1 2 1 1 2 1 2 2 1 2 0 2 1 1 1 2 1 2 2 1 1 2 1 1 1 1 2 2 1 1 2 1 1 1 2 1 1 1 2 2 1 2 1 1 2 2 1 1
63: 1 2 2 2 1 2 1 2 1 2 1 1 1 1 2 1 1 1 2 2 2 1 1 2 2 2 1 1 2 1 1 1 1 2 2 2 2 2 1 2 1 2 2 1 1 1 2 2 2 2 2 2 2 2 2 1 1 1 2 2 2 1 2 0 2 1 1 2 1 2 2 2 1 2 1 1 2 2 1 2 1 2 2 2 2 1 1 2 1 2 2 2 1 1 2 2 1 1 2 2
64: 2 2 2 1 2 2 1 1 2 2 1 1 1 2 2 1 2 1 1 2 2 1 2 1 1 1 1 1 2 1 2 1 2 1 2 2 2 2 2 2 1 1 1 2 1 1 1 1 2 2 2 2 1 2 1 1 2 1 2 2 2 1 1 2 0 2 2 1 1 1 1 2 1 1 2 2 2 1 1 1 1 2 1 1 2 2 2 2 2 2 2 1 1 2 1 1 1 1 2 1
65: 2 2 2 1 1 2 2 1 2 1 2 1 2 2 1 2 2 1 2 2 1 2 1 2 2 2 2 1 1 1 2 2 1 1 1 1 1 2 2 2 1 1 2 2 1 2 1 2 1 1 1 2 1 1 1 2 1 1 1 2 1 1 1 1 2 0 2 1 1 2 2 2 1 1 2 1 1 1 1 2 1 1 2 2 1 1 2 2 1 1 1 2 2 1 2 1 1 2 2 1
66: 2 1 1 1 2 2 1 2 2 1 2 2 1 2 2 2 1 2 2 1 2 1 1 1 1 1 2 2 2 1 2 2 1 1 2 1 2 2 2 1 1 1 1 2 2 1 2 2 1 2 2 1 2 1 1 1 2 1 2 1 2 2 1 1 2 2 0 2 1 1 1 2 2 1 1 2 1 1 1 1 2 2 2 1 1 1 1 1 2 1 2 2 2 2 1 1 1 2 2 1
67: 2 2 2 1 2 1 2 2 1 2 1 2 2 2 1 1 1 2 2 1 1 2 2 1 2 1 2 1 1 2 2 1 1 2 2 1 1 1 1 1 2 2 1 1 1 2 1 2 2 1 1 2 1 2 1 2 2 2 1 2 2 2 2 2 1 1 2 0 2 2 1 1 2 1 1 1 1 1 2 1 1 1 1 2 2 1 1 1 2 2 2 1 1 2 2 1 2 1 1 1
68: 1 1 1 1 1 1 1 2 2 2 2 1 2 1 1 1 1 1 2 1 2 2 2 2 2 2 2 1 1 1 1 2 1 1 1 2 2 2 2 1 1 1 1 2 2 1 2 2 2 1 2 2 2 2 2 2 2 2 1 1 1 1 1 1 1 1 1 2 0 1 2 2 1 2 1 2 1 1 1 1 1 2 2 1 2 1 1 2 2 2 1 2 2 2 2 1 1 1 2 2
69: 2 2 1 2 1 2 1 1 1 1 2 1 1 2 1 1 2 2 2 2 2 2 1 1 1 2 2 1 1 2 1 2 2 2 2 1 2 1 2 1 2 1 2 1 1 2 2 1 2 2 2 1 2 2 1 1 2 2 2 1 2 1 2 2 1 2 1 2 1 0 1 1 1 1 1 2 2 1 2 1 1 2 2 2 1 1 2 2 1 2 2 2 2 1 1 1 1 2 2 2
70: 2 1 2 2 2 2 2 2 2 2 2 2 2 1 2 2 2 2 1 2 1 1 2 2 1 2 2 2 1 1 1 2 2 2 2 1 2 2 1 1 2 2 1 2 1 1 1 1 1 2 1 1 1 1 1 1 1 1 2 1 1 1 2 2 1 2 1 1 2 1 0 1 2 1 2 2 1 2 1 1 1 1 1 2 2 2 2 1 1 1 2 2 2 2 1 1 2 2 2 1
71: 2 1 1 2 1 1 1 2 2 2 1 1 1 1 2 1 2 2 1 1 2 1 1 1 1 2 1 1 2 1 2 1 2 1 2 1 1 1 1 2 2 2 2 1 2 2 1 1 1 1 2 1 2 1 1 1 2 2 2 2 1 1 1 2 2 2 2 1 2 1 1 0 2 1 1 1 2 1 2 2 1 2 2 1 2 1 2 2 2 1 1 2 2 2 1 2 2 1 2 2
72: 2 2 2 2 2 2 1 2 1 2 2 1 1 1 1 2 1 2 2 2 1 2 2 1 2 1 2 1 1 2 2 1 1 2 2 2 1 1 2 2 2 2 2 2 2 2 1 2 2 1 1 2 2 1 1 2 1 1 2 2 1 1 1 1 1 1 2 2 1 1 2 2 0 1 1 1 1 1 1 2 1 1 1 2 2 1 1 1 1 1 2 2 1 2 1 1 1 1 1 1
73: 1 2 1 2 1 1 1 1 1 2 1 1 1 1 2 1 1 1 1 1 2 1 2 2 1 1 2 1 1 1 2 2 2 2 1 1 2 1 2 2 1 1 1 2 2 2 2 1 1 1 1 2 2 1 1 2 2 2 2 1 1 1 2 2 1 1 1 1 2 1 1 1 1 0 1 1 2 1 1 1 2 1 1 1 1 1 2 2 1 1 1 2 2 1 2 1 2 2 1 1
74: 1 2 2 1 1 1 2 2 1 2 1 2 2 1 1 2 1 1 1 1 1 1 2 2 1 2 1 1 2 1 1 2 1 2 1 1 1 1 1 1 1 2 2 1 1 2 2 1 2 1 2 2 1 2 1 1 1 1 1 2 2 2 1 1 2 2 1 1 1 1 2 1 1 1 0 1 2 1 1 1 2 2 1 1 1 1 2 2 1 1 1 2 1 1 2 2 1 2 1 2
75: 2 1 1 1 1 1 2 1 2 2 1 2 1 1 2 1 2 1 1 2 2 2 2 1 1 2 2 2 1 1 1 2 2 1 1 1 2 2 1 1 1 2 1 2 2 1 2 2 2 2 2 1 2 2 2 2 1 2 2 2 1 2 1 1 2 1 2 1 2 2 2 1 1 1 1 0 2 2 1 1 1 2 2 1 2 2 1 1 2 1 1 1 1 2 2 2 2 1 1 2
76: 1 1 2 1 1 2 1 2 1 1 2 1 1 2 2 2 2 1 2 2 2 2 2 2 2 2 1 1 1 2 2 1 2 2 1 1 2 2 1 2 1 1 1 1 2 2 1 2 1 1 2 1 1 1 2 1 2 2 1 2 2 2 1 2 2 1 1 1 1 2 1 2 1 2 2 2 0 2 1 1 2 2 1 1 2 1 1 1 1 2 2 1 1 1 2 2 1 1 2 2
77: 1 2 1 1 2 1 1 2 2 2 1 2 2 2 2 1 1 2 1 1 1 1 2 1 2 2 1 2 1 1 2 2 2 2 2 2 1 2 1 1 1 1 2 2 2 1 1 2 1 1 1 1 2 1 1 2 2 2 2 1 2 1 1 2 1 1 1 1 1 1 2 1 1 1 1 2 2 0 1 2 2 1 1 1 2 2 2 1 1 2 1 2 1 1 1 2 1 1 2 1
78: 2 2 2 2 1 1 2 1 1 2 2 2 2 1 2 2 2 2 1 1 1 1 2 2 1 2 2 2 1 1 2 2 2 2 1 2 1 1 1 2 1 2 1 2 2 1 1 2 2 2 2 2 2 1 2 2 2 2 2 2 1 2 2 1 1 1 1 2 1 2 1 2 1 1 1 1 1 1 0 2 2 1 1 1 1 1 2 2 1 1 2 1 2 1 1 2 2 1 1 1
79: 1 1 2 1 1 2 1 2 2 2 2 1 2 1 1 1 2 1 1 2 1 2 2 2 1 2 2 2 2 1 2 2 2 2 1 2 2 1 1 1 2 2 2 2 2 1 1 2 2 1 1 1 2 2 2 1 2 1 1 1 2 1 2 2 1 2 1 1 1 1 1 2 2 1 1 1 1 2 2 0 1 1 1 1 1 1 1 2 1 1 1 1 1 1 2 1 1 2 2 1
80: 2 2 2 2 1 1 2 1 1 1 1 1 2 1 2 1 1 1 1 1 1 2 1 1 2 2 2 1 2 2 2 1 2 2 1 2 1 2 1 2 2 2 1 2 1 2 1 2 1 2 1 1 2 1 1 1 1 1 2 2 2 1 1 1 1 1 2 1 1 1 1 1 1 2 2 1 2 2 2 1 0 2 2 1 2 2 2 2 2 2 2 2 1 1 1 2 2 2 2 2
81: 2 1 2 2 2 2 1 1 2 1 1 1 1 2 1 1 1 1 1 2 1 2 2 1 2 1 2 2 2 2 1 2 1 1 1 2 1 1 1 2 1 2 1 2 1 2 1 1 1 1 2 2 2 1 1 2 2 2 2 1 1 2 1 2 2 1 2 1 2 2 1 2 1 1 2 2 2 1 1 1 2 0 1 1 2 1 1 2 2 2 2 1 2 2 2 1 2 1 1 2
82: 1 1 2 2 2 2 2 2 1 2 1 1 2 2 2 2 1 1 2 2 1 1 2 2 1 2 1 1 1 1 1 1 1 1 1 1 1 1 2 2 2 1 2 1 1 1 2 1 1 1 2 2 1 2 1 1 1 2 2 2 1 1 2 2 1 2 2 1 2 2 1 2 1 1 1 2 1 1 1 1 2 1 0 2 1 1 1 1 2 2 2 1 1 2 1 2 2 2 2 2
83: 2 2 2 1 1 2 2 2 1 2 2 1 2 1 1 1 1 2 1 2 2 1 2 2 2 1 1 1 2 2 1 1 2 1 2 2 1 1 2 1 2 1 1 2 1 1 2 2 1 2 2 2 2 1 1 1 1 1 1 1 2 1 1 2 1 2 1 2 1 2 2 1 2 1 1 1 1 1 1 1 1 1 2 0 2 2 1 1 1 1 2 2 1 2 2 2 1 1 2 1
84: 1 2 1 1 2 2 1 2 2 1 2 1 2 1 2 1 2 2 2 2 1 2 2 2 2 1 1 1 1 2 1 1 2 1 1 1 1 2 1 2 1 2 1 2 1 1 1 2 1 2 2 1 1 1 2 1 2 2 2 2 1 2 1 2 2 1 1 2 2 1 2 2 2 1 1 2 2 2 1 1 2 2 1 2 0 2 1 1 2 2 2 1 1 2 1 1 2 2 1 1
85: 1 1 1 2 2 1 2 1 1 2 2 2 1 2 1 1 1 2 2 2 2 1 2 1 1 1 1 2 2 2 2 1 1 1 1 1 2 1 1 1 2 2 1 2 1 1 1 1 1 1 2 2 2 1 1 1 2 1 2 2 1 2 1 1 2 1 1 1 1 1 2 1 1 1 1 2 1 2 1 1 2 1 1 2 2 0 2 2 1 1 2 1 1 2 2 1 2 2 2 2
86: 2 2 2 1 1 1 2 1 1 1 2 1 2 1 2 1 1 2 2 2 1 2 1 2 1 2 2 2 2 1 2 1 2 1 2 2 2 1 2 1 1 2 1 2 2 1 2 1 2 2 2 2 1 2 1 2 2 2 2 1 2 2 2 1 2 2 1 1 1 2 2 2 1 2 2 1 1 2 2 1 2 1 1 1 1 2 0 2 1 1 2 1 2 2 2 2 1 1 1 1
87: 1 2 2 2 1 1 2 1 1 2 1 1 2 1 1 1 1 2 1 2 2 2 1 1 2 1 2 1 2 1 2 2 2 1 1 2 2 2 2 1 2 1 1 2 1 2 1 1 1 1 2 1 2 2 1 2 1 2 2 2 1 1 1 2 2 2 1 1 2 2 1 2 1 2 2 1 1 1 2 2 2 2 1 1 1 2 2 0 2 2 1 2 2 2 1 2 1 1 1 2
88: 2 2 1 2 1 2 2 2 1 2 1 2 1 2 1 2 1 1 1 1 2 1 2 1 1 2 1 2 1 2 2 1 2 1 1 2 1 1 1 2 2 2 1 2 1 1 2 2 2 1 1 1 2 2 2 2 1 1 1 1 2 1 1 1 2 1 2 2 2 1 1 2 1 1 1 2 1 1 1 1 2 2 2 1 2 1 1 2 0 1 1 2 2 1 1 2 2 2 2 2
89: 1 2 2 1 1 1 2 2 1 1 2 1 2 2 2 2 1 1 2 2 2 2 1 2 2 1 2 1 2 1 1 2 2 1 2 1 1 1 1 1 2 2 1 1 1 1 2 1 2 2 1 2 1 1 2 2 1 1 2 1 1 2 1 2 2 1 1 2 2 2 1 1 1 1 1 1 2 2 1 1 2 2 2 1 2 1 1 2 1 0 2 2 1 2 2 1 1 1 2 1
90: 1 2 2 2 1 1 2 2 1 2 1 1 2 2 2 1 2 1 1 1 1 2 1 2 2 2 1 2 2 2 1 1 2 2 2 2 2 1 2 2 1 1 2 1 2 2 2 2 1 1 2 2 2 2 2 1 1 2 2 1 1 1 2 2 2 1 2 2 1 2 2 1 2 1 1 1 2 1 2 1 2 2 2 2 2 2 2 1 1 2 0 1 2 2 2 2 2 1 2 2
91: 1 2 1 2 1 1 1 1 1 1 1 2 2 2 2 2 2 2 2 2 1 1 1 2 1 2 1 1 1 2 1 1 1 2 1 1 1 1 2 1 1 2 2 1 2 1 2 2 1 2 1 2 2 2 2 2 2 1 2 2 2 1 2 2 1 2 2 1 2 2 2 2 2 2 2 1 1 2 1 1 2 1 1 2 1 1 1 2 2 2 1 0 1 2 1 1 2 1 1 2
92: 1 2 1 1 2 2 1 1 2 1 1 1 2 1 1 1 2 1 1 2 2 2 2 1 2 2 1 2 2 1 2 1 1 1 2 1 2 1 2 1 1 1 2 2 1 1 2 1 1 2 2 2 2 2 2 1 1 1 1 1 1 1 1 1 1 2 2 1 2 2 2 2 1 2 1 1 1 1 2 1 1 2 1 1 1 1 2 2 2 1 2 1 0 2 1 1 2 1 2 2
93: 2 2 2 2 2 2 2 1 1 1 2 2 2 2 2 1 1 1 2 2 1 1 1 2 1 1 2 1 2 2 2 1 1 1 1 2 1 1 1 2 2 2 1 1 1 2 1 1 2 1 2 1 1 1 1 1 1 1 2 2 1 2 2 1 2 1 2 2 2 1 2 2 2 1 1 2 1 1 1 1 1 2 2 2 2 2 2 2 1 2 2 2 2 0 2 2 1 2 1 1
94: 1 2 2 2 1 1 1 2 2 2 1 1 1 1 2 1 2 2 1 1 1 1 1 2 1 2 1 1 2 1 1 1 1 1 1 1 1 1 2 2 2 1 2 2 1 2 2 2 1 2 2 1 1 1 2 2 1 2 1 1 1 2 1 2 1 2 1 2 2 1 1 1 1 2 2 2 2 1 1 2 1 2 1 2 1 2 2 1 1 2 2 1 1 2 0 2 1 2 2 1
95: 2 2 1 2 2 1 1 1 2 2 1 2 1 2 2 2 2 2 2 2 1 1 2 2 1 1 1 2 1 1 2 2 2 2 2 2 1 1 2 2 2 2 1 2 1 2 1 1 1 2 2 2 1 1 2 1 2 1 1 2 2 1 1 2 1 1 1 1 1 1 1 2 1 1 2 2 2 2 2 1 2 1 2 2 1 1 2 2 2 1 2 1 1 2 2 0 2 1 1 2
96: 2 1 1 2 1 2 2 2 1 1 2 1 1 2 2 1 2 2 2 2 2 1 1 2 2 2 1 2 2 2 1 2 1 2 2 2 1 2 1 1 1 1 1 1 2 2 2 2 1 1 1 2 2 2 2 1 2 1 2 2 2 2 2 1 1 1 1 2 1 1 2 2 1 2 1 2 1 1 2 1 2 2 2 1 2 2 1 1 2 1 2 2 2 1 1 2 0 2 1 1
97: 1 1 2 2 2 1 1 1 2 1 2 2 1 1 1 2 1 2 1 2 2 1 2 1 1 2 1 1 1 2 1 2 1 2 1 2 2 1 2 2 1 2 2 1 2 1 2 2 2 2 1 2 1 2 1 1 2 1 1 1 1 1 2 1 1 2 2 1 1 2 2 1 1 2 2 1 1 1 1 2 2 1 2 1 2 2 1 1 2 1 1 1 1 2 2 1 2 0 2 2
98: 2 1 1 1 2 1 1 2 1 2 2 1 1 1 1 1 2 1 2 1 2 2 1 1 2 2 1 2 2 1 2 2 2 2 2 2 1 2 1 1 1 1 1 2 2 2 1 1 1 2 1 2 1 2 2 2 2 1 1 1 1 1 1 2 2 2 2 1 2 2 2 2 1 1 1 1 2 2 1 2 2 1 2 2 1 2 1 1 2 2 2 1 2 1 2 1 1 2 0 1
99: 2 2 1 2 1 2 1 1 1 1 2 2 1 2 2 2 2 2 1 1 1 1 1 1 1 2 1 2 1 1 1 2 2 2 1 1 2 2 2 1 2 1 1 2 2 2 1 1 1 2 2 1 1 2 2 1 1 1 2 2 1 1 1 2 1 1 1 1 2 2 1 2 1 1 2 2 2 1 1 1 2 2 2 1 1 2 1 2 2 1 2 2 2 1 1 2 1 2 1 0
