100 50 198

0: 0 0 0 0 0 0 0 0 1 0 0 0 0 1 0 0 0 0 0 0 0 0 0 0 0 0 0 0 0 0 0 0 0 0 0 0 0 0 1 0 0 0 0 0 0 0 0 0 0 0 0 0 0 0 0 0 0 0 0 0 0 1 0 0 0 1 0 0 0 0 0 0 0 0 0 0 0 0 0 0 0 0 0 0 0 0 0 0 0 0 0 0 0 0 0 0 0 0 0 0
1: 0 0 0 0 0 0 0 0 1 0 0 0 0 0 0 0 0 0 0 0 0 0 0 0 0 0 0 0 1 0 1 0 0 1 0 0 1 0 0 0 0 0 0 0 0 0 0 0 1 0 0 0 0 0 0 0 0 0 0 0 0 0 0 1 0 0 0 0 1 0 0 0 0 0 0 0 0 0 0 0 0 0 1 0 0 1 0 0 0 0 0 0 0 0 0 0 0 0 0 0
2: 0 1 0 1 0 0 0 0 0 0 1 0 0 0 0 0 0 0 0 0 0 0 0 0 0 0 0 0 0 0 0 0 0 0 0 0 0 0 0 1 1 0 0 0 0 0 0 0 0 0 0 0 0 0 0 0 0 0 1 0 0 0 0 0 0 0 0 0 0 0 1 0 0 0 0 0 0 0 0 0 0 0 0 0 0 0 0 0 0 0 0 0 0 0 0 0 0 0 0 0
3: 0 1 0 0 0 0 0 0 1 0 0 0 0 0 0 0 0 0 0 0 0 0 0 1 1 1 1 0 0 0 0 0 1 1 0 0 0 0 0 0 0 0 0 0 0 0 0 0 0 0 1 0 0 0 0 0 0 0 0 0 0 0 0 0 0 0 0 0 0 0 0 0 0 0 0 0 0 1 0 0 0 0 0 0 0 0 0 0 0 0 0 0 0 0 0 0 0 1 0 0
4: 0 0 0 0 0 0 0 1 0 0 0 0 0 0 0 0 0 0 1 0 0 0 0 0 0 0 0 0 0 0 0 0 0 0 1 0 1 0 0 0 0 0 0 0 0 0 0 0 0 0 0 0 1 0 0 0 0 0 0 0 0 0 0 0 0 0 0 1 0 0 0 0 0 0 0 0 0 0 0 0 0 1 0 0 0 0 0 0 1 0 0 0 0 0 0 0 0 0 0 0
5: 0 0 0 0 0 0 0 0 0 0 0 0 0 0 0 0 0 0 0 0 0 0 0 0 0 0 1 0 0 0 0 0 0 0 0 1 0 0 0 0 0 0 1 0 0 1 0 0 0 0 0 0 0 0 1 0 0 1 0 0 0 0 0 0 0 0 0 0 0 0 0 0 0 0 0 1 0 0 1 0 0 0 0 0 0 1 0 0 0 0 0 0 0 0 0 0 1 0 0 0
6: 0 1 0 0 0 1 0 0 0 0 0 0 0 0 0 1 0 0 0 0 0 0 0 0 0 0 0 0 0 0 1 0 0 0 0 0 0 0 0 0 0 0 0 0 1 0 0 0 0 0 0 1 0 0 0 0 0 0 0 0 0 0 0 0 0 0 0 0 0 0 0 0 1 0 0 1 0 0 0 0 0 1 0 0 0 0 0 0 0 0 0 0 1 0 0 0 0 0 1 0
7: 0 0 0 0 1 0 0 0 0 0 0 0 0 0 0 0 0 0 0 0 0 0 0 0 0 0 0 0 0 0 0 0 0 0 0 0 1 0 0 0 0 1 0 0 0 0 0 0 0 0 0 0 0 1 0 0 0 1 0 0 0 0 0 0 0 0 0 0 0 0 0 0 0 0 0 0 0 0 0 0 0 0 0 0 0 0 0 0 0 0 0 1 0 0 0 0 0 0 0 0
8: 0 0 0 0 0 0 0 0 0 0 0 0 0 1 0 1 0 0 0 0 0 0 0 0 0 0 0 0 0 0 0 0 0 0 0 0 0 0 0 0 0 0 0 0 0 0 0 0 0 0 0 0 0 1 0 0 0 0 0 0 0 0 0 0 0 0 0 0 0 0 0 0 0 0 0 0 0 0 0 0 0 0 0 0 0 0 0 0 0 0 0 0 0 0 0 0 0 0 0 0
9: 0 0 0 0 0 0 1 1 0 0 1 0 0 0 0 0 1 0 0 0 1 0 0 0 0 0 0 0 0 0 0 0 0 0 0 1 0 0 0 0 1 0 0 0 0 0 0 0 0 1 0 0 0 0 1 0 0 0 0 0 1 0 0 0 0 0 0 0 0 1 0 0 1 0 0 0 0 0 0 0 0 1 0 0 0 0 0 0 1 0 0 0 0 0 0 0 1 0 0 1
10: 1 0 0 0 0 0 0 0 0 0 1 0 0 0 0 0 0 0 0 0 0 0 0 0 0 0 0 0 0 0 0 0 1 0 1 0 0 0 0 0 0 0 0 1 0 0 0 1 0 0 0 1 1 0 0 0 1 0 0 0 0 0 0 0 0 0 0 0 0 0 0 0 1 0 0 0 0 0 0 0 1 1 0 0 0 0 0 0 1 0 1 0 0 0 0 0 0 0 0 0
11: 0 0 0 0 0 0 0 0 0 0 0 0 0 0 0 0 0 0 0 0 0 0 0 0 0 0 0 0 0 0 0 0 1 0 0 0 0 0 0 0 0 0 0 0 0 0 0 0 0 0 0 0 1 0 0 1 0 1 0 1 1 0 0 0 0 0 0 0 0 0 0 0 0 0 0 0 0 0 0 0 0 0 0 0 0 0 0 0 0 0 0 1 0 0 0 0 1 0 0 0
12: 0 0 0 0 0 0 0 0 0 0 0 0 0 1 0 0 0 0 0 0 1 0 0 0 1 0 0 0 0 0 0 0 0 0 0 0 0 0 0 0 0 0 0 0 0 0 1 0 1 0 0 0 0 0 0 0 0 0 0 0 0 0 0 0 0 0 0 0 0 0 0 0 1 0 0 0 0 0 0 1 1 0 0 0 0 0 1 0 0 1 0 0 1 0 0 0 0 0 0 0
13: 0 0 0 0 0 0 0 1 0 0 0 0 0 0 0 0 0 0 0 0 0 0 0 0 0 1 0 0 0 1 0 0 0 0 0 0 0 0 0 0 0 0 0 0 0 0 0 0 0 0 0 0 0 0 0 0 0 0 0 0 0 0 0 0 0 0 0 1 0 0 0 0 0 0 0 1 0 0 0 0 1 0 0 0 0 0 0 0 0 0 0 0 0 0 0 0 0 0 0 1
14: 0 0 0 0 0 0 0 0 0 0 0 0 0 0 0 0 0 0 1 0 0 0 1 0 0 0 0 0 0 0 0 0 0 0 0 1 0 0 0 1 0 0 0 0 1 0 0 1 0 0 0 1 0 0 0 0 0 0 0 0 0 0 0 1 0 0 0 0 1 1 0 0 0 0 0 0 0 0 0 0 0 0 0 0 0 0 0 1 0 0 0 0 0 0 0 0 1 0 0 0
15: 0 0 0 0 0 0 0 1 1 0 0 0 0 1 0 1 0 0 0 0 0 0 0 0 0 0 0 0 1 0 0 0 0 1 0 1 0 0 1 0 0 0 0 0 0 0 0 1 0 0 1 0 0 0 0 0 1 0 0 1 0 0 1 0 0 0 0 0 0 0 0 0 0 0 1 0 0 0 0 0 0 0 1 0 0 0 0 0 0 1 0 1 0 0 0 0 0 0 0 0
16: 0 0 0 0 0 0 1 1 0 0 0 0 0 0 1 0 0 0 0 1 0 0 0 0 0 0 0 0 0 0 0 0 0 0 0 0 0 0 0 0 0 0 0 0 0 0 0 1 0 1 0 0 0 0 0 0 0 0 0 0 0 0 1 0 0 0 1 1 0 0 0 0 0 0 0 0 0 0 0 0 0 1 0 0 0 1 0 0 0 0 0 0 0 0 0 0 0 0 0 0
17: 0 0 0 0 0 0 0 0 0 0 0 1 0 0 0 0 0 0 0 0 0 0 0 0 1 0 0 0 0 0 0 0 1 0 0 0 1 0 0 0 0 0 0 0 0 0 0 0 0 0 0 0 0 0 1 0 0 0 0 0 0 0 0 0 0 0 0 0 0 0 0 0 0 1 0 0 0 0 0 0 1 0 1 0 0 0 1 0 0 0 0 0 0 0 0 0 0 0 0 0
18: 1 0 0 0 0 0 0 0 0 1 0 0 0 0 0 1 0 0 1 0 0 0 0 0 0 0 0 0 0 0 0 0 0 0 0 1 1 0 0 0 0 0 1 0 0 1 0 0 0 1 0 0 0 0 0 1 1 0 0 0 0 0 0 0 1 0 0 1 0 1 0 0 0 0 0 0 0 0 0 0 0 0 0 0 0 0 0 0 0 0 0 0 1 0 0 0 0 0 0 0
19: 1 0 0 1 0 0 0 0 0 0 0 1 0 0 0 0 0 0 0 0 0 0 0 0 0 1 0 1 0 0 0 0 0 0 0 0 0 0 0 0 1 0 0 0 0 0 0 0 0 0 0 0 0 0 0 0 0 1 0 0 0 0 0 0 0 0 0 0 0 0 0 0 0 0 0 0 1 0 1 0 0 0 0 0 0 0 0 0 0 0 0 0 0 0 0 0 0 0 0 0
20: 0 0 0 0 0 0 0 1 0 0 0 1 0 0 0 0 0 0 0 0 0 0 0 0 0 0 0 0 0 0 0 0 1 0 0 0 0 0 0 0 0 0 0 0 0 0 0 0 1 0 0 0 0 0 0 0 0 0 0 1 0 0 0 0 0 0 0 0 0 0 0 0 0 0 0 1 0 0 0 0 1 0 0 0 0 0 0 0 0 0 0 0 0 0 0 0 0 1 0 0
21: 0 1 0 0 0 0 1 0 0 0 1 0 0 0 0 0 0 0 1 0 0 0 0 0 0 0 1 0 0 0 0 0 0 1 0 0 0 0 0 0 0 0 1 0 0 0 0 0 0 0 0 0 0 0 1 0 0 1 0 0 0 0 0 1 0 1 1 0 0 1 0 1 0 0 0 0 0 0 0 0 0 0 0 0 0 0 0 1 0 1 0 0 0 0 0 0 0 0 1 1
22: 0 1 0 0 0 0 0 0 0 0 0 0 0 0 0 0 0 0 0 0 0 1 0 1 0 0 0 0 0 1 0 0 0 0 0 0 0 0 0 0 0 0 0 0 0 0 0 0 0 0 0 0 0 0 0 0 0 0 0 0 0 0 0 0 0 0 0 0 0 1 0 0 0 0 0 0 0 0 0 0 0 0 0 0 1 0 0 0 0 0 0 0 0 0 0 0 0 0 0 0
23: 0 0 0 0 0 0 0 0 0 0 0 0 0 0 0 0 0 0 0 0 0 0 0 0 0 1 0 0 0 0 0 0 1 0 0 0 0 0 0 0 0 0 0 0 0 0 0 0 0 0 0 0 0 0 1 0 0 0 0 1 0 0 1 0 0 0 0 0 0 0 0 0 0 0 1 0 0 0 0 0 0 0 0 0 1 0 0 1 0 0 0 0 0 0 0 1 0 0 0 0
24: 0 0 0 0 0 0 0 1 0 0 0 0 0 1 0 0 0 0 0 0 0 0 0 0 0 0 0 0 0 0 0 0 0 0 1 0 1 0 0 0 0 0 0 0 0 0 0 0 1 0 0 0 1 0 0 0 0 0 0 0 0 0 1 0 0 0 0 0 0 0 0 0 0 0 0 0 0 0 0 0 0 0 1 0 0 0 0 0 0 0 0 0 0 1 0 0 1 0 0 0
25: 0 0 0 0 0 0 0 0 0 0 0 0 0 0 0 0 0 0 0 0 0 0 0 0 0 0 0 0 0 0 0 0 0 0 0 0 0 0 0 0 0 0 1 0 0 0 0 0 0 1 0 0 0 0 0 0 0 1 0 0 0 0 0 0 0 0 1 0 0 0 0 0 0 0 0 1 0 1 1 0 0 0 0 0 1 0 0 0 0 0 0 0 0 0 1 0 0 1 0 0
26: 0 0 0 0 0 0 0 0 0 1 0 0 0 0 0 0 0 0 0 0 0 1 0 1 0 0 0 1 0 0 0 0 0 0 0 0 0 0 0 0 0 0 0 0 0 0 0 0 0 0 0 0 0 0 0 0 1 0 0 0 0 0 0 0 0 0 1 0 0 0 0 0 0 0 0 0 0 0 0 1 0 0 1 1 0 0 0 1 1 0 0 0 0 0 0 0 0 0 0 0
27: 0 0 0 0 0 0 0 0 0 0 0 0 0 0 0 0 0 0 0 1 0 0 0 0 0 1 0 1 0 0 0 0 0 1 0 0 0 1 0 0 0 0 0 0 0 0 0 0 0 0 0 0 0 0 1 0 0 0 0 1 0 0 0 0 0 0 1 0 0 0 0 0 0 0 0 0 1 0 0 0 1 0 0 0 0 1 0 0 0 0 0 0 0 0 0 0 1 0 0 0
28: 0 0 1 0 0 0 0 0 0 0 0 0 0 0 0 0 0 0 0 0 0 0 0 1 0 0 0 0 0 0 0 0 0 0 1 0 0 0 0 0 0 0 0 0 0 0 0 0 0 0 0 0 0 0 0 0 0 0 1 0 0 0 0 0 0 0 0 1 0 0 0 0 0 0 0 0 0 0 0 0 0 0 0 1 0 1 0 0 0 0 0 0 0 0 0 0 0 0 0 1
29: 0 0 0 0 0 0 0 0 0 0 0 0 0 0 0 1 1 0 0 0 0 0 0 0 0 0 0 0 0 0 0 0 1 0 0 0 0 0 0 0 0 0 0 0 0 1 0 1 1 0 0 0 0 0 0 0 0 0 0 0 0 0 0 0 0 0 0 0 0 1 1 0 0 0 0 0 0 0 0 0 0 1 0 0 0 1 0 0 0 0 0 1 0 0 0 0 0 0 0 0
30: 0 0 0 0 0 0 0 0 0 0 1 0 0 0 0 0 0 0 0 0 0 0 0 0 0 0 0 0 0 0 0 0 0 0 0 0 0 0 0 1 0 0 0 0 0 0 0 0 0 0 0 0 0 0 0 1 0 0 1 0 0 1 0 0 0 0 0 0 0 0 0 1 0 0 0 0 0 0 0 0 0 0 0 0 0 0 1 0 0 0 0 0 0 0 0 0 0 0 0 0
31: 0 0 0 0 0 0 0 0 0 0 0 0 0 0 0 0 0 0 0 1 0 1 0 0 0 0 0 0 0 0 0 0 0 0 0 0 0 0 0 0 0 0 0 0 0 0 0 0 0 1 0 0 1 0 0 0 1 0 0 0 1 0 0 0 0 1 0 0 0 0 0 0 0 0 0 0 0 0 1 1 0 0 0 0 0 0 0 0 1 0 0 0 0 0 0 0 0 0 0 0
32: 0 0 1 0 0 1 0 0 1 0 0 0 0 0 0 0 0 0 0 0 0 0 0 0 1 0 0 0 0 0 0 0 0 0 0 0 0 0 0 1 0 0 0 0 0 0 0 0 0 0 0 0 0 0 0 0 0 0 0 0 0 0 0 0 0 0 0 0 1 0 0 0 0 0 0 0 0 1 0 0 0 0 0 0 1 0 0 0 0 0 0 0 0 0 0 0 0 0 0 0
33: 0 0 0 1 0 0 1 0 0 0 0 0 0 1 0 0 0 0 1 0 0 0 0 0 0 0 1 0 0 0 0 0 0 0 0 0 1 0 0 0 0 0 0 1 0 0 0 0 0 0 1 0 0 0 0 0 0 0 0 0 0 0 0 0 0 0 0 0 0 0 0 0 0 0 0 0 0 0 0 0 0 0 0 0 0 0 0 0 0 0 0 0 0 0 0 0 0 0 0 0
34: 0 0 1 0 0 0 0 0 0 0 0 0 0 0 0 0 0 0 0 0 1 0 0 1 1 0 0 0 0 1 0 0 0 0 0 0 0 0 0 0 1 0 0 0 0 0 0 0 0 0 0 0 0 0 0 0 0 0 0 0 0 0 0 0 0 0 0 0 0 0 0 0 0 0 0 1 0 0 0 0 0 0 0 0 0 0 0 0 0 0 0 0 0 0 0 0 0 0 0 0
35: 0 1 1 0 0 0 0 0 1 1 0 0 1 0 0 0 0 0 0 0 0 1 0 1 1 0 0 0 0 0 0 0 0 0 1 0 0 0 0 0 1 0 0 0 0 0 1 0 0 0 0 0 0 0 0 0 0 0 1 0 0 1 0 0 0 0 0 0 0 0 1 1 0 0 0 0 0 0 0 1 0 0 0 0 0 0 0 0 0 0 0 1 0 0 0 0 0 1 0 0
36: 0 0 0 0 1 0 0 0 0 0 0 0 0 0 0 0 0 0 0 0 0 1 0 0 0 0 0 0 0 0 0 0 0 0 1 0 0 0 0 0 0 1 0 0 0 0 0 0 0 0 0 0 0 0 0 1 0 0 0 0 0 0 0 0 0 0 0 0 0 0 0 0 0 0 0 0 0 0 0 0 1 0 0 1 0 0 0 0 0 0 0 1 0 0 0 0 1 0 0 0
37: 0 0 0 0 0 1 0 0 0 0 0 0 0 0 0 0 0 0 0 1 0 0 0 0 0 0 0 0 0 0 0 0 0 0 0 0 0 0 0 0 0 0 0 0 0 0 0 0 0 0 0 0 0 0 0 0 0 0 0 0 0 0 1 0 1 0 1 0 0 0 0 0 0 0 1 0 1 1 0 0 0 0 0 0 0 0 0 1 0 0 0 0 0 0 0 0 0 0 0 0
38: 0 0 0 0 0 0 0 0 0 0 0 0 0 0 0 0 0 1 0 0 0 0 1 0 0 0 0 0 0 0 0 0 0 0 0 0 0 0 0 0 0 0 0 0 0 0 0 0 0 0 0 0 0 0 0 0 0 0 0 0 0 0 0 0 1 0 0 0 0 0 0 0 0 0 1 0 0 0 0 0 0 1 0 0 0 0 0 0 0 0 0 1 0 1 0 0 0 0 0 0
39: 0 0 0 0 0 0 1 0 0 0 0 0 0 0 0 0 0 0 1 0 0 0 0 0 0 0 0 0 0 0 0 1 0 0 0 0 0 0 0 0 0 0 0 0 1 0 0 0 0 0 0 0 0 0 0 0 0 1 1 0 0 0 0 0 0 0 0 0 1 0 0 0 0 0 0 1 0 0 0 1 0 0 0 0 0 0 0 0 0 0 0 0 0 0 0 0 0 0 0 0
40: 0 0 0 0 0 0 0 0 0 0 0 0 0 0 0 0 0 0 0 0 1 0 0 0 1 1 0 0 0 0 0 0 0 0 0 0 0 0 1 0 0 1 0 0 0 0 0 0 1 0 0 0 1 0 0 0 0 0 0 0 0 1 0 0 0 0 0 0 1 0 0 0 0 0 0 0 0 0 0 0 0 0 0 0 0 0 0 0 0 0 0 0 0 0 0 0 0 0 0 0
41: 0 0 0 0 0 0 0 0 0 0 0 0 0 0 0 0 0 0 0 0 0 0 0 0 0 0 0 0 0 0 0 0 1 0 0 0 0 0 0 0 0 0 0 0 0 0 1 0 0 0 0 0 0 0 1 0 0 0 0 0 0 0 0 0 0 0 0 0 0 0 0 0 0 0 0 0 0 1 0 1 0 0 0 1 0 0 0 0 0 0 0 0 0 0 0 0 0 0 0 0
42: 0 0 0 0 0 0 0 0 0 0 0 0 0 0 0 0 0 0 0 1 1 0 0 0 0 0 0 0 0 0 0 0 0 0 0 0 0 0 0 0 0 1 1 1 0 0 0 0 0 0 0 0 0 0 0 0 0 0 0 1 0 0 0 0 1 0 0 0 0 0 0 0 0 0 0 0 0 0 0 0 0 0 0 0 0 0 0 0 0 0 0 0 0 0 0 0 0 1 0 0
43: 0 1 0 0 0 0 0 0 0 0 0 0 0 0 0 0 0 0 0 0 0 0 1 0 0 0 0 0 0 0 0 0 0 1 0 1 0 0 0 0 0 0 0 1 0 0 0 0 0 1 1 0 0 0 0 0 0 0 1 0 0 0 0 0 0 0 0 0 0 0 0 0 0 0 0 1 0 0 0 0 0 0 0 0 0 0 0 0 0 1 0 0 0 1 0 0 0 0 0 0
44: 0 0 0 0 0 0 0 0 0 1 0 1 1 0 0 0 0 0 0 0 0 0 1 0 0 0 0 0 0 1 0 0 0 0 0 0 0 0 0 0 0 0 0 0 0 0 1 0 0 0 0 0 0 0 0 0 0 0 0 0 0 0 0 1 1 0 0 0 0 0 0 0 0 0 1 0 0 0 0 0 0 0 0 1 0 0 0 0 0 0 0 0 0 0 0 0 0 0 1 0
45: 1 0 0 0 0 0 0 1 0 0 0 0 0 0 1 0 0 1 0 0 0 0 0 0 0 0 0 0 0 0 0 0 0 0 1 0 0 0 0 0 0 0 0 0 0 0 0 0 1 0 0 0 0 0 1 0 0 0 0 0 0 0 1 0 0 0 0 0 0 0 0 0 0 0 0 0 0 0 0 0 0 0 1 0 0 1 0 1 0 1 0 0 0 0 0 0 0 1 0 0
46: 0 0 0 0 0 0 0 0 0 0 0 0 0 0 0 1 0 0 0 0 0 0 0 0 0 0 1 0 0 0 0 0 0 0 0 1 0 0 0 0 0 0 0 0 0 1 1 0 0 0 0 0 0 0 0 0 0 0 0 0 0 0 0 0 1 1 0 0 1 0 0 0 0 0 0 0 0 0 0 0 0 0 0 0 0 0 0 0 0 0 0 0 0 0 0 0 0 0 1 0
47: 0 0 0 0 1 0 0 0 0 0 0 0 0 0 0 0 1 0 1 0 0 0 1 0 0 0 0 0 0 0 0 0 0 0 0 0 0 0 0 0 0 0 0 0 0 0 0 0 0 0 0 0 0 0 0 0 0 0 0 0 0 0 0 0 0 0 0 1 0 0 0 0 0 0 0 0 0 0 0 0 0 0 0 0 0 0 0 0 0 0 1 0 0 0 0 0 0 0 0 0
48: 0 0 0 0 0 0 0 0 0 0 0 0 0 0 0 0 0 1 0 0 0 0 0 0 0 0 0 0 0 0 0 1 0 0 0 0 0 0 0 0 0 0 0 0 0 1 0 0 0 0 0 0 0 0 0 0 0 0 0 0 0 0 0 0 0 0 0 0 0 0 0 0 0 0 0 0 0 1 0 0 0 0 0 0 0 0 0 1 0 0 0 0 0 0 0 0 0 0 0 0
49: 0 0 0 1 0 0 1 0 0 0 0 0 0 0 0 0 0 0 0 0 0 0 0 0 0 0 0 0 1 0 0 0 1 0 0 0 1 0 0 0 0 0 0 1 0 1 0 0 0 0 0 1 0 0 0 0 0 0 1 0 0 0 0 0 0 0 0 0 0 0 0 0 0 0 0 0 0 0 0 0 0 0 0 0 0 0 0 0 0 0 0 0 0 0 0 0 0 0 0 0

0: 0 1 1 1 2 2 1 1 1 2 1 1 2 1 1 1 1 2 2 1 1 1 2 2 1 2 2 2 2 2 2 1 1 1 1 2 1 2 1 1 2 2 2 2 2 2 1 1 2 1 1 2 1 1 1 1 2 1 1 1 2 1 1 2 1 1 1 2 2 2 2 1 2 1 2 1 1 1 2 2 2 2 2 1 1 1 1 2 1 1 2 2 2 1 1 2 1 1 1 2
1: 1 0 2 2 1 1 1 1 1 2 1 1 1 1 2 1 2 1 2 2 1 2 2 1 1 2 2 2 1 2 1 2 1 1 2 1 1 1 2 1 1 1 1 1 2 1 2 1 2 2 2 1 1 1 2 2 1 2 1 2 2 1 1 2 2 1 2 1 2 2 2 2 2 1 2 1 1 1 2 1 1 2 1 2 2 2 1 2 1 2 1 1 1 2 2 2 2 2 2 2
2: 1 2 0 1 1 2 2 2 1 1 2 2 1 2 1 1 2 1 2 2 1 1 1 2 1 1 1 2 2 1 1 1 1 1 2 1 2 1 1 2 1 1 1 2 2 1 2 1 1 2 2 1 1 2 2 1 1 1 2 1 2 1 2 1 1 2 2 1 1 2 2 1 1 2 2 2 2 1 1 2 2 2 1 2 1 2 2 1 2 2 2 2 1 2 1 2 1 2 2 2
3: 1 2 1 0 2 2 2 1 2 2 2 1 1 2 1 2 2 2 2 2 2 1 2 2 1 2 2 1 2 2 1 1 2 1 1 1 2 2 1 2 1 1 2 1 2 1 1 1 2 2 2 1 2 2 2 2 2 1 2 2 2 2 2 2 2 1 2 2 2 1 1 2 1 1 1 1 1 1 2 1 1 2 1 1 2 1 2 2 2 1 2 1 2 2 2 1 1 1 1 1
4: 2 1 1 2 0 2 1 1 1 2 2 1 1 1 2 1 2 2 1 1 1 1 1 2 2 2 1 2 1 2 2 2 1 2 1 2 2 1 1 2 2 1 2 1 2 2 2 1 2 2 2 2 2 1 2 1 1 1 1 1 2 1 2 1 2 1 2 1 1 2 1 1 1 2 2 2 2 2 1 2 1 1 1 2 1 2 1 1 2 1 1 2 1 2 2 1 1 1 2 1
5: 2 1 2 2 2 0 1 2 1 2 2 1 2 1 1 1 1 1 1 1 1 1 1 1 1 1 2 1 1 1 1 2 2 2 2 2 1 2 1 1 2 1 1 2 2 1 2 1 2 2 1 2 1 1 2 1 1 2 1 2 2 1 1 1 1 1 2 2 1 1 1 2 1 1 2 2 2 1 2 2 1 1 1 1 2 1 1 1 2 2 2 1 2 1 1 2 1 1 2 2
6: 1 1 2 2 1 1 0 2 1 2 1 1 1 1 2 2 1 1 2 1 1 2 1 2 2 2 2 1 2 2 1 2 1 2 2 1 1 1 1 2 1 1 2 2 2 2 1 1 1 1 1 2 2 1 2 2 1 2 1 1 1 2 1 2 1 2 1 1 1 1 1 2 1 1 1 2 1 2 2 2 1 2 1 1 1 2 1 1 2 2 1 2 1 1 2 1 2 2 2 1
7: 1 1 2 1 1 2 2 0 1 1 2 2 2 2 1 2 2 1 2 2 2 2 1 2 1 2 1 2 1 1 2 2 2 1 2 1 2 1 2 2 1 2 1 1 2 2 2 1 2 2 2 1 2 1 1 2 2 2 1 2 1 2 1 2 2 1 2 1 1 1 1 1 2 1 2 2 2 1 1 1 1 1 2 2 1 2 2 1 2 2 2 2 1 2 2 1 2 2 2 1
8: 1 1 1 2 1 1 1 1 0 2 1 1 1 1 2 1 1 1 1 1 1 2 2 2 2 1 2 2 2 2 2 2 1 2 2 1 1 2 2 2 1 1 2 1 2 1 2 1 1 1 1 1 2 1 1 1 1 1 2 2 1 1 2 2 1 2 2 2 2 2 2 1 1 2 2 1 2 2 2 1 2 1 2 2 1 1 2 1 1 1 1 2 2 2 2 2 2 2 2 2
9: 2 2 1 2 2 2 2 1 2 0 1 2 2 1 1 2 2 1 1 1 2 2 2 2 1 2 1 2 1 1 2 2 1 1 1 2 2 2 2 1 1 1 1 2 2 2 1 1 1 1 2 1 1 2 1 2 2 2 1 1 2 1 2 2 2 1 2 1 2 1 1 2 2 1 1 2 2 1 1 2 1 2 2 2 2 1 1 2 1 1 2 1 2 2 2 1 1 1 2 1
10: 1 1 2 2 2 2 1 2 1 1 0 1 1 1 1 2 1 2 1 2 2 2 2 2 1 1 2 2 2 1 1 2 2 2 2 1 1 1 2 1 1 1 1 1 1 1 1 2 1 2 2 1 1 2 2 1 2 1 1 1 2 1 1 2 1 1 1 1 2 2 2 1 1 2 2 2 1 2 1 1 1 2 2 1 1 2 1 1 1 2 1 1 2 1 1 1 1 1 1 1
11: 1 1 2 1 1 1 1 2 1 2 1 0 1 1 1 2 1 2 2 2 2 1 2 1 1 1 2 1 1 1 2 1 2 2 1 1 1 1 2 2 1 2 1 2 2 2 1 2 2 2 2 1 2 1 1 2 1 1 2 1 1 2 2 1 1 2 1 1 2 1 1 1 1 2 1 2 2 1 2 2 1 1 1 1 1 2 2 1 2 2 1 2 1 2 2 1 2 1 1 1
12: 2 1 1 1 1 2 1 2 1 2 1 1 0 1 2 1 2 1 2 2 1 2 2 1 2 2 1 1 1 1 1 1 2 2 2 1 1 1 2 2 1 2 2 1 1 1 1 2 2 2 1 2 1 1 2 1 2 1 2 2 2 2 1 1 2 2 1 2 1 2 2 1 2 2 2 1 1 1 1 2 2 1 1 2 1 1 2 2 1 2 1 1 2 2 1 1 2 1 2 2
13: 1 1 2 2 1 1 1 2 1 1 1 1 1 0 1 1 1 2 1 1 1 2 1 1 2 1 2 1 1 1 2 1 1 1 2 2 1 1 1 1 1 1 1 1 2 1 2 2 1 1 1 2 1 2 2 1 2 2 1 2 2 1 2 1 2 2 2 1 1 1 1 1 1 2 1 2 1 2 2 1 2 2 1 2 2 2 1 2 2 2 2 2 2 2 1 1 1 2 2 2
14: 1 2 1 1 2 1 2 1 2 1 1 1 2 1 0 1 2 2 1 2 1 2 2 1 1 2 2 2 1 1 2 1 2 2 1 1 2 1 1 2 2 2 2 1 2 2 2 2 2 1 2 2 2 2 2 1 1 1 1 2 2 1 1 2 1 2 1 2 2 2 1 1 1 1 1 2 1 2 1 2 2 2 1 2 2 2 2 1 1 1 1 1 2 1 1 1 1 1 2 1
15: 1 1 1 2 1 1 2 2 1 2 2 2 1 1 1 0 1 2 1 2 1 2 1 2 1 2 1 2 2 2 1 2 2 2 1 1 1 2 2 2 1 1 1 2 2 2 1 2 2 2 2 2 2 1 2 2 1 1 2 1 2 2 2 2 1 2 1 2 1 2 2 2 1 2 1 1 2 2 1 1 1 2 2 1 2 2 2 1 2 2 2 2 1 1 1 2 2 1 1 2
16: 1 2 2 2 2 1 1 2 1 2 1 1 2 1 2 1 0 1 2 1 2 1 2 2 1 2 2 1 2 1 1 2 1 2 1 1 1 2 2 2 1 1 1 2 1 1 2 2 1 2 1 1 2 2 2 1 2 2 1 1 1 2 2 1 2 1 2 1 1 2 1 2 1 1 2 2 2 1 2 2 1 1 1 1 2 2 2 1 2 2 2 2 1 2 2 1 2 1 1 1
17: 2 1 1 2 2 1 1 1 1 1 2 2 1 2 2 2 1 0 2 1 2 2 2 1 2 2 2 2 2 2 1 1 1 2 1 2 1 1 2 2 2 1 1 1 2 1 1 1 1 2 2 1 1 1 2 2 1 1 1 2 2 1 1 2 2 1 2 1 1 2 1 1 2 2 1 1 1 2 2 1 1 2 2 1 1 1 1 2 1 2 2 2 1 1 1 1 1 2 2 1
18: 2 2 2 2 1 1 2 2 1 1 1 2 2 1 1 1 2 2 0 1 2 2 1 1 2 2 2 2 1 1 2 2 2 1 2 2 1 1 2 2 2 2 1 2 2 1 1 1 2 2 1 1 1 2 2 2 1 1 2 2 1 1 2 1 1 1 2 1 2 1 2 1 1 2 2 1 1 2 1 1 1 2 2 1 2 2 1 2 1 1 1 1 1 2 2 2 1 2 1 1
19: 1 2 2 2 1 1 1 2 1 1 2 2 2 1 2 2 1 1 1 0 1 2 2 2 1 2 1 1 2 2 1 2 1 1 2 2 2 1 2 1 2 1 2 1 2 2 1 1 2 1 1 2 1 1 1 2 1 2 2 2 1 1 1 2 2 1 2 2 2 1 1 2 2 2 1 1 2 1 1 1 2 1 1 1 2 1 1 1 2 2 2 1 2 1 2 2 1 2 1 2
20: 1 1 1 2 1 1 1 2 1 2 2 2 1 1 1 1 2 2 2 1 0 2 2 2 2 1 1 2 2 2 1 2 2 1 1 2 2 2 2 2 2 1 1 1 1 2 2 2 2 1 2 2 2 1 2 1 2 1 1 1 2 2 2 2 1 2 1 1 1 1 2 1 2 2 1 1 1 1 2 1 1 2 1 2 1 2 2 1 2 2 1 2 1 2 1 2 2 1 2 1
21: 1 2 1 1 1 1 2 2 2 2 2 1 2 2 2 2 1 2 2 2 2 0 1 1 1 2 1 1 2 2 2 1 1 1 2 2 1 2 1 1 1 2 2 2 1 2 1 2 2 2 2 1 2 1 2 2 2 1 1 1 2 1 2 1 2 1 1 1 1 1 2 1 1 2 1 1 2 1 2 2 1 1 1 1 2 1 2 1 2 2 1 2 1 2 1 2 1 2 1 2
22: 2 2 1 2 1 1 1 1 2 2 2 2 2 1 2 1 2 2 1 2 2 1 0 1 2 2 2 2 2 1 1 2 2 2 1 1 1 2 2 1 1 1 2 1 2 2 1 2 2 1 1 1 1 2 1 1 2 2 2 2 2 2 1 1 2 2 2 1 1 2 2 2 1 1 2 2 1 2 1 1 1 1 2 1 2 2 2 1 1 1 1 2 2 1 2 2 2 1 2 1
23: 2 1 2 2 2 1 2 2 2 2 2 1 1 1 1 2 2 1 1 2 2 1 1 0 1 2 2 2 1 2 2 1 2 1 2 1 2 2 1 1 1 2 1 1 1 1 2 2 2 2 2 1 2 1 1 2 1 2 2 1 1 2 2 2 1 2 1 1 2 1 2 2 1 1 1 2 2 2 2 2 1 2 2 2 1 1 1 1 1 2 2 1 1 1 1 1 1 2 2 2
24: 1 1 1 1 2 1 2 1 2 1 1 1 2 2 1 1 1 2 2 1 2 1 2 1 0 1 1 2 2 1 1 1 2 1 2 2 2 1 2 1 2 1 1 2 2 2 1 1 2 1 2 2 1 1 1 2 1 2 2 1 1 1 2 2 1 2 1 1 2 1 2 1 1 2 1 2 2 1 1 2 2 2 1 1 1 2 2 1 1 2 2 2 2 1 2 2 2 2 1 2
25: 2 2 1 2 2 1 2 2 1 2 1 1 2 1 2 2 2 2 2 2 1 2 2 2 1 0 1 2 2 2 1 1 1 2 2 2 1 1 1 2 1 1 2 2 2 1 1 1 2 2 1 2 1 1 2 1 2 1 2 1 2 2 2 1 1 1 2 1 1 1 1 1 2 1 2 1 1 2 2 2 2 1 2 2 1 2 1 2 1 2 2 1 1 2 1 1 2 1 1 1
26: 2 2 1 2 1 2 2 1 2 1 2 2 1 2 2 1 2 2 2 1 1 1 2 2 1 1 0 2 2 2 2 2 2 2 2 2 2 2 1 2 2 1 2 2 2 2 1 2 1 2 1 1 1 2 2 2 2 1 1 2 1 2 2 1 1 1 2 1 1 1 1 2 1 2 1 1 2 1 1 2 2 1 2 2 2 2 1 1 1 2 1 1 1 2 1 2 1 2 1 2
27: 2 2 2 1 2 1 1 2 2 2 2 1 1 1 2 2 1 2 2 1 2 1 2 2 2 2 2 0 2 1 2 2 2 1 1 2 1 1 1 1 2 2 2 1 1 2 2 2 1 1 2 1 1 1 2 1 2 2 2 2 1 1 2 1 1 2 1 2 2 1 1 1 2 1 1 2 2 2 2 1 2 1 1 2 2 1 2 2 2 1 2 1 1 1 1 2 1 1 2 2
28: 2 1 2 2 1 1 2 1 2 1 2 1 1 1 1 2 2 2 1 2 2 2 2 1 2 2 2 2 0 1 1 2 1 2 1 2 1 1 1 1 2 1 1 2 2 2 2 2 2 1 1 2 2 1 2 2 1 1 2 1 1 2 2 2 2 2 2 1 2 2 2 1 1 1 2 2 2 1 2 2 2 1 2 2 1 2 1 2 2 2 2 2 1 1 2 2 1 1 1 1
29: 2 2 1 2 2 1 2 1 2 1 1 1 1 1 1 2 1 2 1 2 2 2 1 2 1 2 2 1 1 0 1 2 2 2 2 2 2 1 2 1 1 2 1 2 1 1 1 2 2 1 2 1 2 2 2 1 1 1 1 2 1 1 2 2 1 1 2 2 2 2 1 1 2 1 1 1 2 2 1 2 2 2 1 1 1 1 1 2 1 2 1 1 1 1 1 1 2 2 2 2
30: 2 1 1 1 2 1 1 2 2 2 1 2 1 2 2 1 1 1 2 1 1 2 1 2 1 1 2 2 1 1 0 1 2 1 1 1 2 1 2 1 1 1 2 1 2 1 1 2 2 2 1 1 2 2 2 2 1 2 2 1 2 1 2 2 1 2 1 2 1 1 2 1 1 2 1 1 2 2 1 1 1 1 1 2 1 2 1 1 2 2 1 2 2 2 2 2 2 1 1 1
31: 1 2 1 1 2 2 2 2 2 2 2 1 1 1 1 2 2 1 2 2 2 1 2 1 1 1 2 2 2 2 1 0 1 2 2 2 1 2 1 2 2 2 2 2 1 1 2 2 1 1 1 1 1 1 2 1 2 1 2 1 2 1 1 1 1 2 2 1 1 2 2 1 1 1 2 2 2 2 1 2 2 2 2 2 1 1 2 1 2 2 1 1 2 2 2 1 2 2 2 1
32: 1 1 1 2 1 2 1 2 1 1 2 2 2 1 2 2 1 1 2 1 2 1 2 2 2 1 2 2 1 2 2 1 0 2 2 1 1 2 1 2 2 1 2 2 2 1 2 2 2 2 2 1 1 1 1 2 1 1 1 1 1 1 1 2 2 1 1 1 1 2 1 2 2 2 1 1 2 1 1 2 2 1 2 2 1 1 2 1 2 2 2 1 1 1 2 2 1 1 2 1
33: 1 1 1 1 2 2 2 1 2 1 2 2 2 1 2 2 2 2 1 1 1 1 2 1 1 2 2 1 2 2 1 2 2 0 2 1 2 2 2 1 2 1 2 2 2 2 1 1 1 2 2 1 1 1 2 2 1 2 2 2 2 2 2 1 1 1 2 1 2 1 2 2 2 2 1 1 1 2 1 1 2 1 2 2 1 2 2 1 1 2 2 1 1 1 1 2 1 2 2 1
34: 1 2 2 1 1 2 2 2 2 1 2 1 2 2 1 1 1 1 2 2 1 2 1 2 2 2 2 1 1 2 1 2 2 2 0 1 1 2 2 1 1 2 1 2 1 1 1 2 2 2 1 2 2 2 2 1 1 2 1 2 1 1 1 1 2 1 2 1 1 2 1 1 2 2 1 2 2 2 2 1 1 2 2 1 1 2 2 2 1 2 1 2 2 2 2 2 2 1 2 1
35: 2 1 1 1 2 2 1 1 1 2 1 1 1 2 1 1 1 2 2 2 2 2 1 1 2 2 2 2 2 2 1 2 1 1 1 0 2 1 2 2 1 2 2 2 2 1 2 2 1 2 2 1 1 2 1 1 1 2 2 2 1 1 1 1 2 1 1 2 1 1 1 2 1 2 1 2 2 1 2 1 1 2 1 1 2 2 2 1 1 1 2 1 1 2 1 2 2 1 2 2
36: 1 1 2 2 2 1 1 2 1 2 1 1 1 1 2 1 1 1 1 2 2 1 1 2 2 1 2 1 1 2 2 1 1 2 1 2 0 2 1 2 2 1 2 1 2 1 2 1 1 1 2 2 1 1 1 1 2 1 2 1 2 1 1 2 1 1 1 2 2 1 2 1 1 1 1 1 1 1 2 1 1 2 2 1 1 1 2 1 1 2 1 1 2 1 1 2 2 1 1 2
37: 2 1 1 2 1 2 1 1 2 2 1 1 1 1 1 2 2 1 1 1 2 2 2 2 1 1 2 1 1 1 1 2 2 2 2 1 2 0 2 1 1 2 1 2 1 1 1 1 2 2 2 2 1 1 2 2 1 1 1 1 1 2 1 2 1 2 2 2 1 2 1 1 1 1 2 1 1 2 2 2 2 1 1 2 1 2 1 2 1 2 2 1 2 2 1 1 2 1 2 2
38: 1 2 1 1 1 1 1 2 2 2 2 2 2 1 1 2 2 2 2 2 2 1 2 1 2 1 1 1 1 2 2 1 1 2 2 2 1 2 0 2 2 1 1 2 1 2 1 1 2 2 1 2 1 1 2 2 1 1 2 2 1 1 1 1 2 1 2 2 1 1 1 2 1 1 2 1 1 2 1 2 2 1 2 1 2 1 1 2 2 2 2 1 2 2 2 2 2 1 1 1
39: 1 1 2 2 2 1 2 2 2 1 1 2 2 1 2 2 2 2 2 1 2 1 1 1 1 2 2 1 1 1 1 2 2 1 1 2 2 1 2 0 1 1 2 1 2 1 2 2 2 2 1 1 1 1 2 1 1 1 1 1 1 2 1 2 2 1 1 1 2 2 2 1 1 2 1 2 1 2 1 2 1 1 2 2 2 1 1 1 1 2 1 1 2 2 2 1 2 1 2 1
40: 2 1 1 1 2 2 1 1 1 1 1 1 1 1 2 1 1 2 2 2 2 1 1 1 2 1 2 2 2 1 1 2 2 2 1 1 2 1 2 1 0 2 2 1 1 1 2 2 2 1 2 1 2 2 1 1 2 1 2 1 1 2 1 2 2 2 2 1 1 1 1 1 1 2 2 1 2 2 1 2 2 2 2 2 1 1 1 2 2 2 1 1 1 1 2 2 2 1 1 2
41: 2 1 1 1 1 1 1 2 1 1 1 2 2 1 2 1 1 1 2 1 1 2 1 2 1 1 1 2 1 2 1 2 1 1 2 2 1 2 1 1 2 0 1 1 1 2 2 1 2 1 2 2 2 2 2 1 1 1 2 1 2 1 1 1 2 2 2 1 2 1 2 1 1 1 2 2 2 2 2 1 1 1 1 1 2 2 2 1 2 1 2 2 2 2 2 1 1 2 2 2
42: 2 1 1 2 2 1 2 1 2 1 1 1 2 1 2 1 1 1 1 2 1 2 2 1 1 2 2 2 1 1 2 2 2 2 1 2 2 1 1 2 2 1 0 2 2 1 1 2 2 2 2 2 2 2 2 2 1 1 1 1 1 1 2 1 1 2 1 1 2 2 2 1 1 1 2 2 1 1 1 1 1 1 2 1 2 1 1 1 1 2 2 1 1 1 2 2 1 1 2 1
43: 2 1 2 1 1 2 2 1 1 2 1 2 1 1 1 2 2 1 2 1 1 2 1 1 2 2 2 1 2 2 1 2 2 2 2 2 1 2 2 1 1 1 2 0 2 2 2 1 2 2 1 2 2 1 2 2 2 2 2 1 2 1 2 1 1 2 2 2 2 2 2 1 1 1 2 1 1 1 2 1 1 1 2 2 1 1 1 2 2 1 1 1 1 2 2 2 1 2 2 2
44: 2 2 2 2 2 2 2 2 2 2 1 2 1 2 2 2 1 2 2 2 1 1 2 1 2 2 2 1 2 1 2 1 2 2 1 2 2 1 1 2 1 1 2 2 0 2 2 2 2 1 1 1 2 2 2 2 1 1 2 2 2 1 1 2 1 1 2 1 1 1 1 2 1 1 2 2 1 1 1 2 2 1 1 2 2 2 1 2 2 2 1 2 1 1 1 1 1 1 2 2
45: 2 1 1 1 2 1 2 2 1 2 1 2 1 1 2 2 1 1 1 2 2 2 2 1 2 1 2 2 2 1 1 1 1 2 1 1 1 1 2 1 1 2 1 2 2 0 2 2 2 1 2 1 2 1 2 1 2 2 2 2 2 2 1 1 1 1 2 2 1 1 2 2 1 2 1 2 2 1 1 1 1 2 2 2 2 2 2 2 1 2 2 1 1 1 1 1 1 1 2 2
46: 1 2 2 1 2 2 1 2 2 1 1 1 1 2 2 1 2 1 1 1 2 1 1 2 1 1 1 2 2 1 1 2 2 1 1 2 2 1 1 2 2 2 1 2 2 2 0 1 2 1 1 2 1 1 2 2 2 2 2 1 2 1 1 2 1 1 2 2 2 2 1 1 2 1 1 2 2 1 2 2 2 2 2 1 2 1 2 2 1 2 1 1 1 1 1 1 1 1 1 2
47: 1 1 1 1 1 1 1 1 1 1 2 2 2 2 2 2 2 1 1 1 2 2 2 2 1 1 2 2 2 2 2 2 2 1 2 2 1 1 1 2 2 1 2 1 2 2 1 0 1 2 1 2 2 1 2 2 2 1 1 1 2 1 1 1 1 2 2 2 1 2 2 2 2 1 2 1 1 2 2 2 1 2 2 1 1 2 2 1 1 1 2 1 1 2 1 2 2 1 2 2
48: 2 2 1 2 2 2 1 2 1 1 1 2 2 1 2 2 1 1 2 2 2 2 2 2 2 2 1 1 2 2 2 1 2 1 2 1 1 2 2 2 2 2 2 2 2 2 2 1 0 2 1 1 1 1 1 2 1 1 1 1 1 1 2 1 2 2 1 2 2 1 1 1 1 1 2 2 2 2 2 2 2 1 1 2 1 1 1 2 1 1 1 2 1 1 2 2 1 2 1 1
49: 1 2 2 2 2 2 1 2 1 1 2 2 2 1 1 2 2 2 2 1 1 2 1 2 1 2 2 1 1 1 2 1 2 2 2 2 1 2 2 2 1 1 2 2 1 1 1 2 2 0 1 1 2 2 1 2 1 1 1 1 2 1 1 1 2 2 2 1 2 2 2 2 2 2 2 2 1 1 2 2 2 2 2 1 1 1 1 2 2 1 1 1 1 2 2 1 2 1 2 1
50: 1 2 2 2 2 1 1 2 1 2 2 2 1 1 2 2 1 2 1 1 2 2 1 2 2 1 1 2 1 2 1 1 2 2 1 2 2 2 1 1 2 2 2 1 1 2 1 1 1 1 0 1 1 2 2 2 2 2 2 1 1 1 2 2 2 2 2 2 2 2 1 1 2 2 1 2 1 1 1 2 1 1 1 2 2 2 2 1 2 1 2 2 2 2 2 1 2 2 2 1
51: 2 1 1 1 2 2 2 1 1 1 1 1 2 2 2 2 1 1 1 2 2 1 1 1 2 2 1 1 2 1 1 1 1 1 2 1 2 2 2 1 1 2 2 2 1 1 2 2 1 1 1 0 1 2 2 2 1 1 2 2 2 2 2 1 1 1 1 1 1 2 2 1 2 2 1 1 1 2 1 2 1 2 1 1 1 1 1 2 2 2 1 1 2 1 2 2 2 2 2 2
52: 1 1 1 2 2 1 2 2 2 1 1 2 1 1 2 2 2 1 1 1 2 2 1 2 1 1 1 1 2 2 2 1 1 1 2 1 1 1 1 1 2 2 2 2 2 2 1 2 1 2 1 1 0 2 2 2 2 1 1 2 1 2 1 2 1 1 2 1 2 2 1 2 2 1 2 2 2 1 1 2 2 2 2 2 1 2 2 2 1 1 2 2 2 1 2 1 2 1 2 2
53: 1 1 2 2 1 1 1 1 1 2 2 1 1 2 2 1 2 1 2 1 1 1 2 1 1 1 2 1 1 2 2 1 1 1 2 2 1 1 1 1 2 2 2 1 2 1 1 1 1 2 2 2 2 0 2 2 1 1 1 1 1 2 1 2 2 2 2 1 1 1 2 2 1 2 1 1 1 2 1 2 1 2 2 1 2 2 2 1 1 2 2 1 1 1 2 2 1 1 1 1
54: 1 2 2 2 2 2 2 1 1 1 2 1 2 2 2 2 2 2 2 1 2 2 1 1 1 2 2 2 2 2 2 2 1 2 2 1 1 2 2 2 1 2 2 2 2 2 2 2 1 1 2 2 2 2 0 1 1 2 2 1 2 2 2 2 2 1 1 1 2 2 2 2 2 1 2 1 2 1 2 2 2 1 1 1 1 1 2 1 1 2 1 2 1 2 2 2 2 2 1 1
55: 1 2 1 2 1 1 2 2 1 2 1 2 1 1 1 2 1 2 2 2 1 2 1 2 2 1 2 1 2 1 2 1 2 2 1 1 1 2 2 1 1 1 2 2 2 1 2 2 2 2 2 2 2 2 1 0 1 1 2 1 1 2 2 2 2 2 2 2 2 2 1 1 1 1 2 1 2 2 2 2 1 2 1 2 2 1 2 2 2 2 2 2 1 2 1 1 2 2 2 2
56: 2 1 1 2 1 1 1 2 1 2 2 1 2 2 1 1 2 1 1 1 2 2 2 1 1 2 2 2 1 1 1 2 1 1 1 1 2 1 1 1 2 1 1 2 1 2 2 2 1 1 2 1 2 1 1 1 0 2 1 2 1 2 2 1 2 2 1 2 2 2 1 1 2 1 1 1 1 2 2 2 1 1 1 2 2 2 1 1 2 2 1 2 2 1 2 2 2 1 1 2
57: 1 2 1 1 1 2 2 2 1 2 1 1 1 2 1 1 2 1 1 2 1 1 2 2 2 1 1 2 1 1 2 1 1 2 2 2 1 1 1 1 1 1 1 2 1 2 2 1 1 1 2 1 1 1 2 1 2 0 1 1 1 2 1 1 1 2 2 2 1 2 1 2 1 2 1 2 1 1 1 2 1 1 1 2 1 1 2 1 2 1 2 2 1 1 2 2 2 2 1 2
58: 1 1 2 2 1 1 1 1 2 1 1 2 2 1 1 2 1 1 2 2 1 1 2 2 2 2 1 2 2 1 2 2 1 2 1 2 2 1 2 1 2 2 1 2 2 2 2 1 1 1 2 2 1 1 2 2 1 1 0 1 2 1 2 2 1 2 2 1 2 1 1 2 1 1 1 1 2 2 2 2 2 2 1 1 1 2 2 1 2 1 1 2 2 2 2 2 2 2 1 2
59: 1 2 1 2 1 2 1 2 2 1 1 1 2 2 2 1 1 2 2 2 1 1 2 1 1 1 2 2 1 2 1 1 1 2 2 2 1 1 2 1 1 1 1 1 2 2 1 1 1 1 1 2 2 1 1 1 2 1 1 0 2 2 1 2 1 2 2 1 1 1 1 1 2 1 2 2 2 2 1 1 1 1 1 1 2 1 1 1 1 2 2 2 2 1 1 1 1 1 2 1
60: 2 2 2 2 2 2 1 1 1 2 2 1 2 2 2 2 1 2 1 1 2 2 2 1 1 2 1 1 1 1 2 2 1 2 1 1 2 1 1 1 1 2 1 2 2 2 2 2 1 2 1 2 1 1 2 1 1 1 2 2 0 2 2 1 1 1 1 2 1 1 1 1 1 2 2 2 1 2 1 1 1 2 2 1 2 2 1 2 1 2 1 2 2 2 1 1 2 2 2 2
61: 1 1 1 2 1 1 2 2 1 1 1 2 2 1 1 2 2 1 1 1 2 1 2 2 1 2 2 1 2 1 1 1 1 2 1 1 1 2 1 2 2 1 1 1 1 2 1 1 1 1 1 2 2 2 2 2 2 2 1 2 2 0 2 2 1 1 2 2 1 1 1 2 2 1 1 1 1 1 1 1 1 2 1 2 1 1 2 2 1 2 2 2 2 1 1 2 2 1 1 2
62: 1 1 2 2 2 1 1 1 2 2 1 2 1 2 1 2 2 1 2 1 2 2 1 2 2 2 2 2 2 2 2 1 1 2 1 1 1 1 1 1 1 1 2 2 1 1 1 1 2 1 2 2 1 1 2 2 2 1 2 1 2 2 0 2 1 2 1 1 1 1 2 1 1 2 1 2 2 1 2 1 1 2 1 2 2 2 1 2 1 1 1 2 2 2 1 2 1 2 1 2
63: 2 2 1 2 1 1 2 2 2 2 2 1 1 1 2 2 1 2 1 2 2 1 1 2 2 1 1 1 2 2 2 1 2 1 1 1 2 2 1 2 2 1 1 1 2 1 2 1 1 1 2 1 2 2 2 2 1 1 2 2 1 2 2 0 1 2 1 1 2 1 1 2 1 2 2 2 1 1 2 1 2 1 2 1 2 2 2 2 1 1 1 1 1 2 2 2 2 1 2 2
64: 1 2 1 2 2 1 1 2 1 2 1 1 2 2 1 1 2 2 1 2 1 2 2 1 1 1 1 1 2 1 1 1 2 1 2 2 1 1 2 2 2 2 1 1 1 1 1 1 2 2 2 1 1 2 2 2 2 1 1 1 1 1 1 1 0 2 2 1 1 2 1 1 2 2 1 2 2 1 2 2 1 2 2 1 1 2 2 2 1 2 2 1 1 2 2 2 1 2 1 2
65: 1 1 2 1 1 1 2 1 2 1 1 2 2 2 2 2 1 1 1 1 2 1 2 2 2 1 1 2 2 1 2 2 1 1 1 1 1 2 1 1 2 2 2 2 1 1 1 2 2 2 2 1 1 2 1 2 2 2 2 2 1 1 2 2 2 0 1 2 2 2 1 2 1 2 2 1 1 1 1 1 1 1 2 2 1 1 1 2 1 2 1 2 1 1 2 1 1 1 1 2
66: 1 2 2 2 2 2 1 2 2 2 1 1 1 2 1 1 2 2 2 2 1 1 2 1 1 2 2 1 2 2 1 2 1 2 2 1 1 2 2 1 2 2 1 2 2 2 2 2 1 2 2 1 2 2 1 2 1 2 2 2 1 2 1 1 2 1 0 2 1 1 1 1 2 1 1 1 2 2 1 1 1 1 1 2 2 2 2 1 1 2 1 2 2 2 2 2 1 1 1 2
67: 2 1 1 2 1 2 1 1 2 1 1 1 2 1 2 2 1 1 1 2 1 1 1 1 1 1 1 2 1 2 2 1 1 1 1 2 2 2 2 1 1 1 1 2 1 2 2 2 2 1 2 1 1 1 1 2 2 2 1 1 2 2 1 1 1 2 2 0 1 2 2 1 2 2 1 1 1 1 2 2 1 2 2 1 2 2 2 1 1 1 1 1 1 1 1 2 1 1 1 2
68: 2 2 1 2 1 1 1 1 2 2 2 2 1 1 2 1 1 1 2 2 1 1 1 2 2 1 1 2 2 2 1 1 1 2 1 1 2 1 1 2 1 2 2 2 1 1 2 1 2 2 2 1 2 1 2 2 2 1 2 1 1 1 1 2 1 2 1 1 0 2 1 2 1 1 2 1 1 1 2 1 1 2 2 1 1 2 2 1 2 2 1 2 1 2 2 2 1 1 2 2
69: 2 2 2 1 2 1 1 1 2 1 2 1 2 1 2 2 2 2 1 1 1 1 2 1 1 1 1 1 2 2 1 2 2 1 2 1 1 2 1 2 1 1 2 2 1 1 2 2 1 2 2 2 2 1 2 2 2 2 1 1 1 1 1 1 2 2 1 2 2 0 1 1 2 1 2 1 1 1 2 2 2 1 1 1 1 1 2 1 1 2 2 2 1 2 1 1 2 1 2 2
70: 2 2 2 1 1 1 1 1 2 1 2 1 2 1 1 2 1 1 2 1 2 2 2 2 2 1 1 1 2 1 2 2 1 2 1 1 2 1 1 2 1 2 2 2 1 2 1 2 1 2 1 2 1 2 2 1 1 1 1 1 1 1 2 1 1 1 1 2 1 1 0 2 2 2 1 2 2 1 1 1 2 1 2 2 1 1 1 1 2 1 2 2 2 1 2 1 2 2 1 2
71: 1 2 1 2 1 2 2 1 1 2 1 1 1 1 1 2 2 1 1 2 1 1 2 2 1 1 2 1 1 1 1 1 2 2 1 2 1 1 2 1 1 1 1 1 2 2 1 2 1 2 1 1 2 2 2 1 1 2 2 1 1 2 1 2 1 2 1 1 2 1 2 0 2 1 2 2 1 1 2 1 1 2 1 2 2 1 2 2 2 1 1 1 2 1 1 1 1 2 1 2
72: 2 2 1 1 1 1 1 2 1 2 1 1 2 1 1 1 1 2 1 2 2 1 1 1 1 2 1 2 1 2 1 1 2 2 2 1 1 1 1 1 1 1 1 1 1 1 2 2 1 2 2 2 2 1 2 1 2 1 1 2 1 2 1 1 2 1 2 2 1 2 2 2 0 2 2 1 1 1 2 1 1 2 2 2 2 1 1 2 1 2 2 1 1 2 1 1 1 1 2 1
73: 1 1 2 1 2 1 1 1 2 1 2 2 2 2 1 2 1 2 2 2 2 2 1 1 2 1 2 1 1 1 2 1 2 2 2 2 1 1 1 2 2 1 1 1 1 2 1 1 1 2 2 2 1 2 1 1 1 2 1 1 2 1 2 2 2 2 1 2 1 1 2 1 2 0 2 2 1 1 2 1 1 2 1 2 1 2 2 2 1 2 2 2 1 1 2 2 2 2 2 1
74: 2 2 2 1 2 2 1 2 2 1 2 1 2 1 1 1 2 1 2 1 1 1 2 1 1 2 1 1 2 1 1 2 1 1 1 1 1 2 2 1 2 2 2 2 2 1 1 2 2 2 1 1 2 1 2 2 1 1 1 2 2 1 1 2 1 2 1 1 2 2 1 2 2 2 0 1 2 2 1 2 1 1 2 2 2 1 2 2 2 2 2 2 2 2 1 2 2 2 1 2
75: 1 1 2 1 2 2 2 2 1 2 2 2 1 2 2 1 2 1 1 1 1 1 2 2 2 1 1 2 2 1 1 2 1 1 2 2 1 1 1 2 1 2 2 1 2 2 2 1 2 2 2 1 2 1 1 1 1 2 1 2 2 1 2 2 2 1 1 1 1 1 2 2 1 2 1 0 1 2 1 1 2 1 1 2 2 2 1 2 2 1 2 1 1 1 1 2 1 1 2 2
76: 1 1 2 1 2 2 1 2 2 2 1 2 1 1 1 2 2 1 1 2 1 2 1 2 2 1 2 2 2 2 2 2 2 1 2 2 1 1 1 1 2 2 1 1 1 2 2 1 2 1 1 1 2 1 2 2 1 1 2 2 1 1 2 1 2 1 2 1 1 1 2 1 1 1 2 1 0 2 2 2 2 1 2 1 1 1 1 2 1 2 2 2 1 1 2 2 1 1 1 1
77: 1 1 1 1 2 1 2 1 2 1 2 1 1 2 2 2 1 2 2 1 1 1 2 2 1 2 1 2 1 2 2 2 1 2 2 1 1 2 2 2 2 2 1 1 1 1 1 2 2 1 1 2 1 2 1 2 2 1 2 2 2 1 1 1 1 1 2 1 1 1 1 1 1 1 2 2 2 0 1 2 2 1 2 1 2 1 1 1 2 1 2 2 2 2 1 2 2 2 2 2
78: 2 2 1 2 1 2 2 1 2 1 1 2 1 2 1 1 2 2 1 1 2 2 1 2 1 2 1 2 2 1 1 1 1 1 2 2 2 2 1 1 1 2 1 2 1 1 2 2 2 2 1 1 1 1 2 2 2 1 2 1 1 1 2 2 2 1 1 2 2 2 1 2 2 2 1 1 2 1 0 1 2 2 2 1 2 2 2 1 2 2 1 1 1 2 1 1 1 2 2 2
79: 2 1 2 1 2 2 2 1 1 2 1 2 2 1 2 1 2 1 1 1 1 2 1 2 2 2 2 1 2 2 1 2 2 1 1 1 1 2 2 2 2 1 1 1 2 1 2 2 2 2 2 2 2 2 2 2 2 2 2 1 1 1 1 1 2 1 1 2 1 2 1 1 1 1 2 1 2 2 1 0 2 1 1 1 2 2 2 2 1 2 1 2 1 1 1 1 2 1 2 2
80: 2 1 2 1 1 1 1 1 2 1 1 1 2 2 2 1 1 1 1 2 1 1 1 1 2 2 2 2 2 2 1 2 2 2 1 1 1 2 2 1 2 1 1 1 2 1 2 1 2 2 1 1 2 1 2 1 1 1 2 1 1 1 1 2 1 1 1 1 1 2 2 1 1 1 1 2 2 2 2 2 0 1 2 1 1 1 2 1 1 1 1 1 1 2 2 1 1 1 2 1
81: 2 2 2 2 1 1 2 1 1 2 2 1 1 2 2 2 1 2 2 1 2 1 1 2 2 1 1 1 1 2 1 2 1 1 2 2 2 1 1 1 2 1 1 1 1 2 2 2 1 2 1 2 2 2 1 2 1 1 2 1 2 2 2 1 2 1 1 2 2 1 1 2 2 2 1 1 1 1 2 1 1 0 1 1 2 2 2 2 1 1 2 2 2 2 2 1 2 2 2 2
82: 2 1 1 1 1 1 1 2 2 2 2 1 1 1 1 2 1 2 2 1 1 1 2 2 1 2 2 1 2 1 1 2 2 2 2 1 2 1 2 2 2 1 2 2 1 2 2 2 1 2 1 1 2 2 1 1 1 1 1 1 2 1 1 2 2 2 1 2 2 1 2 1 2 1 2 1 2 2 2 1 2 1 0 2 1 1 2 2 1 1 2 1 2 2 2 1 2 2 1 1
83: 1 2 2 1 2 1 1 2 2 2 1 1 2 2 2 1 1 1 1 1 2 1 1 2 1 2 2 2 2 1 2 2 2 2 1 1 1 2 1 2 2 1 1 2 2 2 1 1 2 1 2 1 2 1 1 2 2 2 1 1 1 2 2 1 1 2 2 1 1 1 2 2 2 2 2 2 1 1 1 1 1 1 2 0 2 1 1 1 1 2 2 2 1 2 2 2 1 2 2 1
84: 1 2 1 2 1 2 1 1 1 2 1 1 1 2 2 2 2 1 2 2 1 2 2 1 1 1 2 2 1 1 1 1 1 1 1 2 1 1 2 2 1 2 2 1 2 2 2 1 1 1 2 1 1 2 1 2 2 1 1 2 2 1 2 2 1 1 2 2 1 1 1 2 2 1 2 2 1 2 2 2 1 2 1 2 0 2 1 1 1 1 2 2 2 2 2 1 2 1 1 1
85: 1 2 2 1 2 1 2 2 1 1 2 2 1 2 2 2 2 1 2 1 2 1 2 1 2 2 2 1 2 1 2 1 1 2 2 2 1 2 1 1 1 2 1 1 2 2 1 2 1 1 2 1 2 2 1 1 2 1 2 1 2 1 2 2 2 1 2 2 2 1 1 1 1 2 1 2 1 1 2 2 1 2 1 1 2 0 1 2 2 2 2 2 1 2 2 2 2 1 2 2
86: 1 1 2 2 1 1 1 2 2 1 1 2 2 1 2 2 2 1 1 1 2 2 2 1 2 1 1 2 1 1 1 2 2 2 2 2 2 1 1 1 1 2 1 1 1 2 2 2 1 1 2 1 2 2 2 2 1 2 2 1 1 2 1 2 2 1 2 2 2 2 1 2 1 2 2 1 1 1 2 2 2 2 2 1 1 1 0 1 2 2 2 2 2 1 1 1 2 1 2 1
87: 2 2 1 2 1 1 1 1 1 2 1 1 2 2 1 1 1 2 2 1 1 1 1 1 1 2 1 2 2 2 1 1 1 1 2 1 1 2 2 1 2 1 1 2 2 2 2 1 2 2 1 2 2 1 1 2 1 1 1 1 2 2 2 2 2 2 1 1 1 1 1 2 2 2 2 2 2 1 1 2 1 2 2 1 1 2 1 0 2 1 1 2 2 1 1 1 2 2 2 1
88: 1 1 2 2 2 2 2 2 1 1 1 2 1 2 1 2 2 1 1 2 2 2 1 1 1 1 1 2 2 1 2 2 2 1 1 1 1 1 2 1 2 2 1 2 2 1 1 1 1 2 2 2 1 1 1 2 2 2 2 1 1 1 1 1 1 1 1 1 2 1 2 2 1 1 2 2 1 2 2 1 1 1 1 1 1 2 2 2 0 2 2 2 1 2 2 1 2 2 2 2
89: 1 2 2 1 1 2 2 2 1 1 2 2 2 2 1 2 2 2 1 2 2 2 1 2 2 2 2 1 2 2 2 2 2 2 2 1 2 2 2 2 2 1 2 1 2 2 2 1 1 1 1 2 1 2 2 2 2 1 1 2 2 2 1 1 2 2 2 1 2 2 1 1 2 2 2 1 2 1 2 2 1 1 1 2 1 2 2 1 2 0 1 1 2 2 2 2 2 1 1 2
90: 2 1 2 2 1 2 1 2 1 2 1 1 1 2 1 2 2 2 1 2 1 1 1 2 2 2 1 2 2 1 1 1 2 2 1 2 1 2 2 1 1 2 2 1 1 2 1 2 1 1 2 1 2 2 1 2 1 2 1 2 1 2 1 1 2 1 1 1 1 2 2 1 2 2 2 2 2 2 1 1 1 2 2 2 2 2 2 1 2 1 0 2 1 2 2 1 1 1 1 2
91: 2 1 2 1 2 1 2 2 2 1 1 2 1 2 1 2 2 2 1 1 2 2 2 1 2 1 1 1 2 1 2 1 1 1 2 1 1 1 1 1 1 2 1 1 2 1 1 1 2 1 2 1 2 1 2 2 2 2 2 2 2 2 2 1 1 2 2 1 2 2 2 1 1 2 2 1 2 2 1 2 1 2 1 2 2 2 2 2 2 1 2 0 1 2 1 1 2 2 2 2
92: 2 1 1 2 1 2 1 1 2 2 2 1 2 2 2 1 1 1 1 2 1 1 2 1 2 1 1 1 1 1 2 2 1 1 2 1 2 2 2 2 1 2 1 1 1 1 1 1 1 1 2 2 2 1 1 1 2 1 2 2 2 2 2 1 1 1 2 1 1 1 2 2 1 1 2 1 1 2 1 1 1 2 2 1 2 1 2 2 1 2 1 1 0 2 2 1 2 1 1 2
93: 1 2 2 2 2 1 1 2 2 2 1 2 2 2 1 1 2 1 2 1 2 2 1 1 1 2 2 1 1 1 2 2 1 1 2 2 1 2 2 2 1 2 1 2 1 1 1 2 1 2 2 1 1 1 2 2 1 1 2 1 2 1 2 2 2 1 2 1 2 2 1 1 2 1 2 1 1 2 2 1 2 2 2 2 2 2 1 1 2 2 2 2 2 0 2 1 2 2 2 1
94: 1 2 1 2 2 1 2 2 2 2 1 2 1 1 1 1 2 1 2 2 1 1 2 1 2 1 1 1 2 1 2 2 2 1 2 1 1 1 2 2 2 2 2 2 1 1 1 1 2 2 2 2 2 2 2 1 2 2 2 1 1 1 1 2 2 2 2 1 2 1 2 1 1 2 1 1 2 1 1 1 2 2 2 2 2 2 1 1 2 2 2 1 2 2 0 2 2 1 1 2
95: 2 2 2 1 1 2 1 1 2 1 1 1 1 1 1 2 1 1 2 2 2 2 2 1 2 1 2 2 2 1 2 1 2 2 2 2 2 1 2 1 2 1 2 2 1 1 1 2 2 1 1 2 1 2 2 1 2 2 2 1 1 2 2 2 2 1 2 2 2 1 1 1 1 2 2 2 2 2 1 1 1 1 1 2 1 2 1 1 1 2 1 1 1 1 2 0 1 1 1 1
96: 1 2 1 1 1 1 2 2 2 1 1 2 2 1 1 2 2 1 1 1 2 1 2 1 2 2 1 1 1 2 2 2 1 1 2 2 2 2 2 2 2 1 1 1 1 1 1 2 1 2 2 2 2 1 2 2 2 2 2 1 2 2 1 2 1 1 1 1 1 2 2 1 1 2 2 1 1 2 1 2 1 2 2 1 2 2 2 2 2 2 1 2 2 2 2 1 0 1 2 1
97: 1 2 2 1 1 1 2 2 2 1 1 1 1 2 1 1 1 2 2 2 1 2 1 2 2 1 2 1 1 2 1 2 1 2 1 1 1 1 1 1 1 2 1 2 1 1 1 1 2 1 2 2 1 1 2 2 1 2 2 1 2 1 2 1 2 1 1 1 1 1 2 2 1 2 2 1 1 2 2 1 1 2 2 2 1 1 1 2 2 1 1 2 1 2 1 1 1 0 2 1
98: 1 2 2 1 2 2 2 2 2 2 1 1 2 2 2 1 1 2 1 1 2 1 2 2 1 1 1 2 1 2 1 2 2 2 2 2 1 2 1 2 1 2 2 2 2 2 1 2 1 2 2 2 2 1 1 2 1 1 1 2 2 1 1 2 1 1 1 1 2 2 1 1 2 2 1 2 1 2 2 2 2 2 1 2 1 2 2 2 2 1 1 2 1 2 1 1 2 2 0 2
99: 2 2 2 1 1 2 1 1 2 1 1 1 2 2 1 2 1 1 1 2 1 2 1 2 2 1 2 2 1 2 1 1 1 1 1 2 2 2 1 1 2 2 1 2 2 2 2 2 1 1 1 2 2 1 1 2 2 2 2 1 2 2 2 2 2 2 2 2 2 2 2 2 1 1 2 2 1 2 2 2 1 2 1 1 1 2 1 1 2 2 2 2 2 1 2 1 1 1 2 0
