100 50 891

0: 0 0 0 0 0 0 0 0 0 0 0 0 1 0 0 0 0 0 0 0 0 0 0 0 0 0 0 0 0 0 0 0 0 0 0 0 0 0 0 0 0 0 0 0 0 0 0 0 0 1 0 0 0 0 0 1 0 0 0 0 0 0 0 0 0 0 0 1 0 0 0 0 0 0 0 0 0 0 0 0 0 0 0 0 0 0 0 0 0 0 0 0 0 0 0 0 1 0 1 0
1: 0 0 0 0 0 1 0 1 0 0 0 0 0 0 0 0 0 1 0 0 0 0 0 0 0 0 0 0 0 0 0 0 0 0 0 0 0 0 0 0 0 0 0 0 0 0 0 0 0 0 0 0 0 0 0 0 0 0 0 0 0 0 1 0 0 1 0 0 0 0 0 0 0 0 0 0 0 0 0 1 0 0 0 0 0 0 0 0 0 0 0 0 0 0 0 0 0 1 1 1
2: 0 0 0 0 0 0 0 0 0 0 0 1 0 0 0 0 0 0 0 0 0 0 0 0 0 0 0 0 1 0 0 0 0 0 0 0 0 0 0 0 0 0 0 1 0 0 0 0 0 0 0 1 1 0 0 0 0 0 0 0 0 0 0 0 0 0 0 0 0 0 0 0 0 0 0 1 0 0 0 0 0 0 0 0 0 0 0 0 0 0 1 1 0 0 0 0 0 1 0 0
3: 0 1 0 0 0 0 0 0 0 0 0 0 0 0 1 0 0 0 0 0 0 0 0 0 0 1 0 0 0 0 0 0 0 0 0 0 0 0 0 0 0 0 0 0 0 0 0 0 0 0 0 0 0 0 0 0 0 1 0 0 0 0 0 0 0 1 0 0 0 0 0 0 0 0 0 0 0 0 0 0 0 1 0 0 1 0 0 0 0 0 0 0 0 0 0 0 0 0 0 0
4: 0 0 0 0 0 0 0 0 0 0 0 0 1 0 0 0 0 0 0 0 0 0 0 0 0 0 0 0 0 0 0 0 0 0 0 0 0 0 0 0 0 0 0 1 1 1 0 1 1 0 0 0 0 0 0 0 0 0 0 1 0 0 0 0 0 0 0 0 0 0 0 0 0 0 0 0 0 0 0 0 0 0 0 0 0 0 0 0 0 0 0 0 0 0 0 0 0 0 0 0
5: 0 0 0 0 0 0 1 0 0 0 0 0 0 0 1 0 1 0 0 0 0 0 0 0 0 0 1 0 0 0 0 0 0 0 0 0 0 0 0 0 0 0 0 0 0 0 1 0 1 0 0 0 0 0 0 0 0 0 0 1 1 0 0 0 0 0 0 0 0 0 0 1 0 0 0 0 0 0 0 0 0 0 0 0 0 0 1 0 0 0 0 1 0 0 0 0 0 0 0 0
6: 0 0 0 0 0 0 1 0 0 0 0 0 0 1 0 0 0 0 0 0 0 0 0 0 0 0 0 0 0 0 0 0 0 0 0 0 0 0 0 1 0 0 0 0 0 0 0 0 0 0 1 0 0 0 0 0 0 1 0 0 0 0 0 0 0 0 0 1 0 0 0 1 0 0 0 1 0 0 0 0 0 0 0 0 0 0 0 0 0 0 0 0 0 0 0 0 0 0 1 0
7: 0 0 0 0 0 0 0 1 0 0 0 0 0 0 0 0 1 0 0 0 0 1 0 0 0 0 0 0 0 0 0 0 0 0 0 0 0 0 1 0 0 0 0 0 0 0 1 0 0 0 0 0 0 0 1 1 0 0 0 0 0 0 0 0 0 0 0 0 1 0 0 0 0 0 0 0 0 0 0 0 0 0 0 0 0 0 0 1 1 0 0 0 0 0 0 1 0 0 0 0
8: 0 1 0 0 1 0 0 0 0 0 0 0 1 0 0 0 0 0 0 0 0 0 0 0 1 0 1 0 0 0 0 0 0 0 0 0 0 0 1 0 1 0 0 0 0 0 0 0 0 0 0 1 0 0 0 1 0 0 0 0 0 0 0 0 0 0 0 1 0 0 0 0 0 0 0 0 0 0 0 0 0 0 0 0 0 0 0 0 0 0 0 0 1 0 0 1 0 0 0 0
9: 0 0 0 1 1 0 0 0 0 0 0 0 0 0 0 0 0 0 0 0 0 0 0 0 0 0 0 0 0 0 0 0 0 0 1 0 0 0 0 0 0 0 0 0 0 0 0 0 0 0 0 0 0 0 0 0 0 0 0 0 0 0 0 0 1 0 0 0 1 1 0 0 0 0 0 0 0 0 0 0 0 1 0 0 0 0 0 0 1 0 0 0 0 0 0 0 0 0 0 0
10: 0 0 1 0 1 0 0 0 0 0 0 0 0 0 0 0 0 0 0 0 1 0 0 0 0 0 0 0 0 0 0 0 1 0 0 0 0 1 0 0 0 0 0 0 0 0 0 0 0 0 0 0 0 0 0 1 0 0 0 0 0 0 0 0 0 0 0 0 0 0 0 0 1 0 0 0 0 0 0 0 1 0 0 0 1 0 0 0 0 0 0 0 0 0 0 0 0 1 0 0
11: 0 0 1 0 0 0 1 0 0 0 0 0 0 1 0 0 1 0 0 0 0 0 0 0 0 0 0 0 0 0 0 0 0 0 0 0 0 0 0 0 0 0 0 0 1 0 0 0 0 0 0 0 0 0 0 0 0 0 0 0 0 0 0 1 0 0 0 0 0 0 0 1 0 0 0 0 1 0 0 0 0 0 0 0 0 0 0 0 0 0 0 0 0 0 0 0 0 0 0 1
12: 0 0 0 0 0 0 0 0 0 0 0 0 1 0 1 0 0 0 0 0 0 0 1 0 0 0 0 0 0 0 0 0 0 0 1 0 0 0 0 1 0 0 0 0 0 0 0 0 0 0 0 1 0 0 0 0 0 0 0 0 0 0 0 1 1 0 1 0 0 0 0 0 0 0 0 1 0 0 0 0 0 0 0 0 0 0 0 1 0 1 0 0 0 0 1 0 1 1 1 0
13: 0 0 1 0 0 0 0 0 0 0 0 0 0 0 0 0 0 0 0 0 0 0 0 1 0 0 0 0 0 0 0 0 0 0 0 0 0 0 0 1 0 0 0 0 0 0 0 0 0 0 0 0 0 0 1 0 0 0 0 0 0 0 0 0 0 0 0 0 0 0 0 0 0 0 0 0 0 0 1 0 0 0 0 0 0 0 0 0 0 1 0 0 0 0 1 0 0 0 0 0
14: 0 0 0 0 0 0 0 0 0 0 1 0 0 0 0 0 0 0 0 0 0 0 0 0 0 0 0 0 1 0 0 0 0 0 0 0 0 0 0 0 0 0 0 1 0 0 0 0 0 0 0 0 0 0 0 0 0 0 1 0 0 0 0 1 0 0 0 0 0 1 0 1 0 0 0 0 0 0 0 0 0 0 0 1 0 0 0 0 0 0 0 0 1 0 0 0 0 0 0 0
15: 0 0 0 0 1 0 0 0 0 0 0 0 0 0 0 0 0 0 0 0 0 0 0 1 0 0 0 0 0 0 0 0 0 0 0 0 0 0 0 0 0 0 0 1 0 0 0 0 1 0 0 0 0 0 0 0 0 0 0 0 0 0 0 0 0 0 0 0 0 0 0 1 0 0 0 0 0 0 0 0 0 0 0 0 0 0 0 0 0 0 0 0 0 0 0 0 0 0 0 0
16: 0 0 0 0 1 1 0 0 0 0 0 0 0 1 0 0 0 0 0 0 0 0 1 0 0 0 0 0 0 0 0 0 1 1 0 0 0 0 0 0 0 0 0 0 0 0 0 0 0 0 0 0 0 0 0 0 0 0 0 0 1 0 0 0 0 0 0 0 0 1 0 0 0 0 0 0 1 0 0 0 0 0 0 1 0 0 0 0 0 0 0 0 0 0 1 0 0 0 0 0
17: 0 0 0 0 0 0 0 0 0 0 0 0 1 0 0 0 0 0 1 0 0 0 0 0 0 0 1 0 0 0 1 0 0 1 0 0 0 0 1 1 0 0 0 0 0 0 0 0 1 0 0 0 0 0 0 0 0 0 0 0 0 0 0 0 0 1 0 0 0 0 0 0 0 0 1 0 0 0 0 0 0 0 0 0 0 0 0 0 0 1 0 0 0 1 0 0 0 0 0 0
18: 0 0 0 0 0 0 0 0 1 0 0 0 0 0 0 0 0 0 0 0 0 0 1 0 1 0 0 1 0 0 0 0 0 0 0 0 0 0 0 0 0 1 0 0 0 0 0 0 0 0 0 0 0 0 1 0 0 0 0 0 0 0 0 0 0 1 0 0 0 0 0 0 0 0 0 0 0 0 0 0 0 1 0 0 0 0 1 0 0 0 0 0 0 0 0 0 0 1 0 0
19: 0 0 1 0 0 0 0 0 0 0 0 0 0 0 0 0 0 0 0 0 0 0 0 0 0 0 0 0 0 0 0 1 0 0 0 0 0 0 0 0 0 0 0 0 0 0 0 0 0 0 0 0 0 1 0 0 0 0 0 0 0 0 0 0 0 0 0 1 0 0 0 0 0 0 0 0 0 0 0 0 0 0 1 0 0 0 0 0 1 0 0 0 0 0 0 0 0 0 0 0
20: 0 0 0 0 0 1 0 0 0 0 1 0 0 0 0 0 0 1 0 0 1 0 0 0 0 0 0 0 0 0 1 0 1 0 0 0 0 0 0 0 1 1 0 0 0 0 0 0 0 0 0 0 0 0 0 0 0 0 0 0 0 0 0 0 0 0 0 0 0 0 0 0 0 1 0 0 0 0 1 0 0 0 0 0 0 0 0 0 0 0 0 0 0 0 0 0 0 0 0 0
21: 0 0 0 0 0 0 0 0 1 0 0 0 0 0 0 0 0 0 0 0 0 1 0 0 0 0 0 0 0 0 0 0 0 0 1 1 0 0 0 0 0 0 0 0 0 0 0 0 0 0 0 0 0 0 0 0 0 1 0 0 0 0 0 0 0 0 0 0 0 0 0 0 0 0 0 0 0 0 0 0 0 0 0 0 0 0 0 0 0 1 0 0 0 0 0 0 0 0 0 1
22: 0 0 0 0 0 0 1 0 0 0 1 0 0 0 0 1 0 0 0 0 0 0 0 0 0 0 0 0 0 1 0 0 0 0 0 0 0 0 0 1 0 0 1 0 0 0 1 0 1 0 1 0 0 0 0 0 0 0 0 0 0 0 0 0 0 0 0 1 1 0 0 0 0 0 0 0 0 0 0 0 0 0 0 0 0 0 0 0 0 0 0 0 0 0 0 0 0 0 0 0
23: 0 1 0 0 0 0 1 0 0 0 0 0 0 0 0 1 0 0 0 0 0 1 0 0 0 0 0 0 1 1 0 0 0 0 0 0 0 1 0 0 0 0 0 0 0 0 1 0 0 0 0 0 0 0 0 0 0 0 0 0 0 0 0 0 0 0 0 1 0 0 0 0 0 0 0 0 0 1 0 0 0 0 0 0 0 0 0 0 0 0 0 1 1 0 0 0 0 0 0 0
24: 1 0 0 0 0 0 0 0 0 0 1 0 0 0 0 0 0 0 0 0 0 0 0 0 0 0 0 0 0 0 0 0 0 0 0 0 0 0 0 0 0 0 0 0 0 0 0 0 0 0 1 0 0 0 0 0 0 0 0 0 0 0 0 0 1 0 0 0 0 0 0 0 0 0 0 0 0 0 1 0 1 0 0 0 0 0 0 1 0 0 0 1 0 0 0 0 0 0 0 0
25: 0 0 0 0 0 0 0 0 1 0 0 1 0 0 0 0 0 1 0 0 0 1 0 0 0 0 0 0 1 0 0 0 0 0 0 0 0 0 0 0 0 0 0 0 0 0 0 0 0 0 0 0 0 0 0 0 0 1 0 0 0 0 0 0 0 0 0 0 0 0 0 0 0 0 0 0 0 0 0 1 0 0 0 0 0 1 0 0 0 0 0 0 0 0 0 0 0 0 0 0
26: 0 0 0 0 0 0 0 0 0 0 0 0 0 0 0 0 0 0 0 0 0 0 0 0 0 0 0 0 0 0 0 0 0 0 0 0 1 0 0 0 0 0 1 1 0 0 0 0 0 0 0 0 0 0 0 0 0 1 0 1 0 0 0 1 0 0 0 1 0 0 0 0 1 0 0 0 0 0 0 0 0 0 0 0 0 1 0 0 0 0 1 0 0 0 0 0 0 0 0 1
27: 0 0 0 0 0 0 0 0 0 0 0 0 1 0 0 0 0 0 0 0 0 0 0 0 0 0 0 0 0 0 0 0 0 0 0 0 0 0 1 0 1 0 0 0 0 0 1 0 0 0 0 0 0 0 0 0 1 0 0 0 0 0 0 0 0 0 0 1 0 0 0 0 1 0 0 0 0 0 0 0 0 0 0 1 0 0 0 0 0 0 0 0 0 0 1 0 0 1 0 0
28: 1 0 0 0 0 0 0 0 0 0 0 0 0 0 0 0 0 0 0 0 0 0 0 1 0 1 0 0 0 0 0 0 0 0 1 0 0 0 0 0 0 0 0 0 0 0 0 0 0 0 0 0 0 0 0 0 0 0 0 0 0 1 0 1 0 0 0 0 0 0 0 0 0 0 1 0 0 0 0 1 0 0 0 0 0 0 0 0 0 1 0 0 1 0 0 0 1 0 0 0
29: 0 0 0 0 0 0 0 0 0 0 0 1 0 0 0 0 0 0 0 0 0 0 0 0 1 0 0 0 0 0 0 0 0 0 0 0 0 0 0 0 0 0 0 0 0 0 0 1 0 0 0 0 0 0 0 0 1 0 0 1 0 1 0 0 0 0 0 0 0 0 0 0 0 0 0 0 0 0 0 0 0 0 0 0 0 0 0 0 0 0 0 0 1 0 1 0 0 0 0 1
30: 0 0 0 0 0 0 0 0 0 0 0 0 0 0 0 0 0 0 0 0 0 0 0 0 0 0 0 0 0 0 0 0 0 0 0 0 0 0 0 0 0 0 0 0 0 0 0 0 0 0 1 1 0 0 0 0 0 0 0 1 0 0 0 0 0 0 0 0 0 0 1 1 0 0 0 0 0 0 0 0 0 0 0 0 0 0 0 0 0 0 0 0 0 0 0 0 0 0 0 0
31: 0 0 1 1 0 0 0 0 0 0 0 0 0 0 0 0 0 0 0 0 0 0 0 0 0 0 0 1 0 0 0 0 0 0 0 1 0 0 0 0 0 0 0 0 0 0 0 0 0 0 0 0 0 0 0 0 0 0 0 0 0 0 0 0 0 0 0 0 0 0 0 0 0 0 0 0 0 0 0 0 0 0 0 0 0 0 0 0 0 0 0 0 0 1 0 0 0 0 0 0
32: 0 0 0 1 0 1 0 0 0 0 0 1 0 0 0 0 0 0 0 0 0 0 0 0 0 0 0 0 1 0 0 1 0 0 0 0 0 0 0 0 0 0 0 0 0 0 0 0 0 0 0 0 1 0 0 0 0 0 0 0 0 0 1 0 0 0 0 0 0 0 0 0 0 0 1 0 0 0 0 0 1 1 1 1 0 0 0 0 0 0 0 0 0 0 0 0 0 0 0 0
33: 0 1 0 0 1 0 0 0 0 0 0 0 0 0 0 0 0 1 0 1 0 0 0 0 0 0 0 0 0 0 0 0 0 0 0 0 0 0 0 0 0 0 0 1 0 0 1 0 0 0 0 0 0 0 0 0 0 0 0 0 0 0 1 0 1 1 0 1 0 1 0 0 0 0 0 0 0 0 0 0 0 0 0 0 0 0 0 0 0 0 0 0 0 0 0 0 0 0 0 0
34: 0 0 0 0 0 0 0 0 0 0 0 0 0 0 0 0 0 1 0 0 0 0 0 0 0 0 0 1 0 0 1 0 0 0 0 0 0 0 0 0 0 0 0 0 0 0 1 0 0 0 0 0 0 1 0 0 0 0 0 0 0 0 0 0 0 0 0 0 1 0 0 0 0 0 1 0 0 0 0 0 0 0 0 0 0 0 0 0 0 0 0 0 0 0 0 0 0 0 0 0
35: 0 0 0 0 0 0 0 1 0 0 0 0 1 0 0 0 0 0 0 0 0 0 0 0 0 0 0 0 0 0 0 0 0 0 0 0 0 0 0 0 0 0 0 0 0 0 0 0 0 0 1 0 0 0 0 0 0 0 0 0 0 0 0 0 0 0 0 0 0 1 0 0 0 0 0 0 0 0 0 0 0 0 0 1 0 0 0 0 0 0 0 0 0 0 0 0 1 0 0 0
36: 0 0 0 0 0 0 0 0 0 0 1 0 0 0 0 0 1 0 0 0 1 1 0 1 0 0 0 0 0 0 0 0 0 0 0 0 0 0 0 0 0 0 0 0 0 0 0 0 0 0 0 0 0 0 0 1 0 0 0 1 0 0 1 0 1 0 0 0 0 0 0 0 0 0 0 0 0 0 0 0 0 0 0 0 0 0 0 1 0 0 0 0 0 0 0 0 0 0 0 0
37: 1 0 0 0 0 0 0 1 0 0 0 0 0 0 0 0 0 0 0 0 0 0 0 0 1 0 0 0 0 0 0 0 0 0 0 0 0 1 0 1 0 0 0 0 0 0 0 0 0 0 0 0 0 1 0 0 1 0 0 0 0 0 0 0 0 0 0 0 0 0 0 0 0 0 0 0 0 0 0 0 1 0 0 0 0 0 0 0 0 0 0 0 0 0 0 0 0 0 0 0
38: 0 0 0 0 0 0 0 0 0 0 0 0 0 0 0 0 0 0 0 0 0 0 0 0 0 0 0 0 0 0 0 0 0 0 1 0 0 0 0 0 0 0 0 0 0 0 0 0 1 0 0 0 0 0 0 1 0 0 0 0 0 0 0 0 0 0 0 0 0 1 0 0 0 0 0 0 0 0 0 0 0 0 1 1 0 0 0 0 0 0 0 0 0 1 0 0 0 0 0 0
39: 0 0 0 0 0 0 0 0 0 0 0 0 0 0 0 0 0 0 0 0 0 1 0 0 0 0 0 0 0 0 0 0 0 0 0 0 0 0 0 0 0 1 1 1 1 0 0 0 0 0 0 0 0 0 0 0 0 0 0 1 0 0 1 0 0 0 0 0 0 1 0 0 0 0 0 1 0 0 0 0 0 1 0 0 0 0 1 0 0 0 0 0 0 0 0 0 0 0 0 0
40: 0 0 0 0 0 0 0 0 0 0 0 0 0 0 0 0 0 0 0 0 0 0 0 0 0 0 0 0 0 1 1 0 0 1 1 0 0 0 0 0 1 0 0 0 0 1 0 0 0 1 0 0 0 0 0 0 0 0 0 0 0 0 0 0 1 0 0 0 0 0 0 0 0 1 0 0 0 0 0 0 0 1 0 0 1 0 0 0 0 0 0 0 0 0 0 1 0 0 0 0
41: 0 0 0 0 0 0 0 0 0 0 0 0 1 0 0 0 0 0 0 0 0 0 0 1 0 0 0 0 0 0 1 0 0 0 0 0 0 0 1 0 0 0 0 0 0 0 0 0 0 0 0 1 0 0 0 0 0 0 1 0 0 0 0 0 0 0 0 1 0 0 0 0 1 1 0 0 0 0 0 0 1 0 0 0 0 0 1 0 1 0 0 0 0 0 0 0 1 1 0 0
42: 0 0 1 1 0 0 0 0 0 0 0 0 0 0 0 0 1 0 0 1 0 0 0 0 0 0 0 0 0 0 0 1 0 0 0 1 0 0 0 0 0 0 0 0 0 0 0 0 0 0 0 0 0 1 0 0 0 0 0 0 1 0 0 0 0 0 0 0 1 0 0 0 0 0 0 0 0 0 0 0 0 1 0 0 0 1 0 1 0 0 0 0 0 0 0 0 0 0 0 0
43: 0 0 0 0 0 0 0 0 0 0 0 0 0 0 0 0 0 0 0 0 0 1 0 0 0 0 0 0 1 0 0 0 0 0 0 0 0 0 0 0 0 0 0 1 0 0 0 0 1 0 0 0 0 0 1 0 0 0 1 0 0 0 0 0 0 0 0 0 0 0 0 0 0 0 0 1 0 0 1 0 0 1 0 0 0 0 0 0 0 0 0 0 0 1 0 0 0 0 0 0
44: 0 0 0 0 0 0 0 0 0 0 0 0 0 0 0 0 0 0 0 0 0 0 0 0 0 0 0 0 0 0 0 0 0 0 0 0 0 0 0 0 0 0 0 0 0 1 0 0 0 0 0 1 0 0 0 0 0 0 0 0 0 0 0 1 1 0 0 0 0 0 0 0 0 0 0 0 0 0 0 0 0 0 0 0 0 0 0 0 0 0 0 0 0 0 1 0 0 0 0 0
45: 0 0 0 0 0 0 0 0 0 0 0 0 0 0 0 0 0 0 0 0 0 0 0 0 0 1 0 0 1 0 0 0 0 0 0 0 0 1 0 0 0 0 0 0 0 0 0 0 0 0 0 0 1 0 0 0 0 0 0 0 0 0 0 1 0 0 0 0 0 0 0 0 1 0 0 0 0 0 0 0 0 0 0 0 0 0 0 1 0 0 0 0 0 0 0 0 0 0 0 0
46: 0 0 0 0 0 0 0 0 0 0 0 0 1 0 0 0 0 0 0 0 0 0 0 0 0 0 0 0 0 0 0 0 0 0 0 0 0 0 0 0 0 0 0 0 0 0 0 0 0 0 0 1 0 0 0 0 0 0 0 0 0 0 0 0 0 0 0 0 0 0 0 0 0 0 0 0 0 0 0 0 0 0 0 0 0 0 1 0 0 0 0 0 0 0 0 0 0 0 0 0
47: 0 0 0 0 0 0 1 0 0 0 0 1 0 0 1 1 0 0 1 0 1 0 0 0 0 1 0 0 0 0 0 0 0 0 0 0 0 0 0 0 0 0 1 0 0 0 0 0 0 0 0 0 0 0 0 0 0 0 0 0 0 0 0 0 0 0 0 0 0 0 1 0 0 0 0 0 0 0 0 0 0 0 0 1 0 0 0 0 0 0 0 0 0 0 0 0 0 0 0 0
48: 0 0 0 0 0 0 1 0 1 0 0 0 0 0 0 0 0 0 0 0 0 0 0 0 0 0 0 0 0 0 0 0 0 1 0 0 0 0 0 0 0 0 0 0 1 0 0 0 0 1 0 0 0 0 0 1 1 0 0 0 1 0 1 0 0 0 0 0 1 0 0 1 0 0 0 0 0 1 0 0 0 0 1 0 0 1 0 1 0 0 0 1 0 0 0 0 0 0 0 0
49: 0 0 0 1 0 0 0 0 0 0 1 0 0 0 0 0 0 0 0 0 0 0 0 1 0 1 0 0 0 0 0 0 0 1 0 0 0 0 0 0 0 0 0 0 0 0 0 0 0 0 0 0 0 0 0 0 0 0 0 0 1 0 0 0 0 0 0 0 0 0 0 1 0 0 0 0 1 0 0 0 0 0 0 0 0 0 0 0 0 0 0 0 1 0 0 0 0 0 0 0

0: 0 2 5 5 4 2 9 1 4 2 4 8 9 9 4 9 2 5 1 1 7 6 2 5 8 9 3 7 7 5 2 9 6 8 2 8 2 2 9 6 9 8 2 7 7 5 3 9 2 6 7 9 2 9 7 7 6 1 5 3 7 9 4 9 4 9 7 9 7 4 6 7 1 1 2 8 1 9 5 6 4 7 9 4 8 6 3 1 9 6 3 1 6 4 6 7 7 4 2 2
1: 2 0 4 5 2 2 5 1 3 3 6 8 8 8 9 2 2 3 4 5 5 5 3 4 2 3 7 1 3 2 6 6 8 8 3 8 1 9 4 6 8 3 1 8 6 5 2 5 3 7 2 3 3 4 6 8 6 5 5 3 6 7 6 8 5 9 4 3 4 7 3 4 5 3 4 6 1 9 7 9 1 9 4 7 5 3 7 6 8 7 9 7 6 5 5 1 2 3 8 6
2: 5 4 0 9 8 4 8 7 4 6 4 9 6 3 4 6 2 4 1 9 4 5 5 6 4 1 6 7 8 7 1 4 3 2 1 4 9 3 9 1 3 3 2 4 1 6 2 6 3 6 2 4 7 2 7 9 2 4 4 2 4 6 9 8 5 6 2 2 9 2 2 3 2 5 1 4 8 6 7 9 6 3 8 5 8 3 1 4 6 4 4 1 7 6 1 6 4 4 9 5
3: 5 5 9 0 9 4 5 2 8 9 4 8 5 5 3 3 8 8 4 4 5 7 7 3 5 8 8 5 8 9 1 6 3 5 3 4 4 1 1 1 3 2 5 6 4 8 6 4 8 1 8 9 5 5 5 6 1 7 3 1 4 5 9 5 7 7 1 9 1 5 5 6 8 3 1 5 7 5 4 7 2 3 9 2 1 9 9 5 3 8 7 5 8 4 9 6 5 6 2 6
4: 4 2 8 9 0 1 1 4 4 5 4 2 5 1 7 5 5 7 4 5 3 7 3 8 1 1 4 9 9 3 4 7 8 3 2 7 2 8 4 1 8 5 8 2 2 7 6 7 9 6 8 2 1 9 3 3 3 7 5 8 4 5 4 3 3 9 2 5 4 4 9 1 6 5 3 2 1 8 5 7 7 8 8 7 2 2 7 1 4 7 4 9 1 6 8 6 7 7 8 4
5: 2 2 4 4 1 0 4 5 8 1 4 5 3 5 6 5 7 3 8 4 7 6 5 9 1 4 8 4 3 6 4 6 2 7 6 9 5 5 3 5 3 5 2 2 9 8 6 8 3 4 6 5 3 6 1 3 7 8 9 4 5 9 6 8 9 7 2 1 4 6 9 4 2 4 1 3 5 3 7 6 1 6 8 5 9 6 1 7 4 9 3 4 8 1 4 9 6 4 3 6
6: 9 5 8 5 1 4 0 8 8 7 8 9 6 8 4 8 9 3 4 4 3 2 9 9 6 4 1 3 4 1 1 4 4 1 7 3 3 9 3 6 2 5 1 7 1 3 8 2 8 5 7 6 5 2 8 8 7 8 5 9 2 7 4 4 4 1 2 7 6 4 2 9 7 2 1 2 1 7 3 3 5 5 8 3 9 4 1 4 5 7 6 2 7 7 9 1 2 5 4 4
7: 1 1 7 2 4 5 8 0 3 8 7 3 3 4 3 3 2 1 7 8 1 7 4 6 2 6 4 7 9 4 2 9 3 6 8 2 3 6 5 6 5 8 5 6 3 3 5 4 8 5 2 2 1 1 3 4 3 3 8 4 4 4 2 2 6 3 1 6 7 3 2 1 2 7 2 8 4 2 2 3 6 2 6 3 1 9 9 2 8 4 5 4 5 9 3 6 1 3 7 5
8: 4 3 4 8 4 8 8 3 0 2 6 1 2 8 1 5 3 3 7 9 7 1 4 7 1 3 6 8 6 5 1 6 2 2 5 7 3 2 4 9 4 4 5 3 7 7 2 3 1 5 3 6 2 2 2 4 8 3 6 8 9 1 3 2 8 8 2 3 3 6 9 1 8 2 1 6 4 4 2 5 8 1 2 4 8 8 6 3 8 4 5 1 7 1 2 4 7 4 3 1
9: 2 3 6 9 5 1 7 8 2 0 7 3 4 4 1 3 1 9 7 6 8 7 9 5 6 6 4 6 9 3 5 3 6 8 6 4 9 7 8 2 5 8 2 5 1 1 3 6 6 9 8 2 9 4 5 5 2 4 8 5 2 1 3 6 9 5 7 6 8 8 8 2 7 2 1 3 5 9 5 6 2 3 7 5 9 7 6 7 3 6 8 2 5 8 1 2 8 3 9 5
10: 4 6 4 4 4 4 8 7 6 7 0 9 7 6 5 8 3 1 1 5 2 3 8 9 3 6 4 4 5 6 4 5 6 9 9 9 4 1 9 7 9 6 9 8 4 2 2 9 3 3 4 8 6 2 9 9 8 6 3 2 3 4 9 9 3 2 9 7 4 7 4 7 6 8 3 3 6 1 9 5 8 5 7 6 2 7 1 6 3 2 8 1 3 3 9 5 1 8 3 2
11: 8 8 9 8 2 5 9 3 1 3 9 0 8 6 1 5 4 5 2 7 1 2 9 3 9 3 4 8 7 4 2 1 9 8 4 5 2 7 7 4 5 2 5 8 5 6 9 1 4 3 7 2 8 4 1 5 6 4 5 1 4 8 7 5 4 9 5 2 4 7 9 3 8 9 1 8 5 8 9 3 7 2 8 3 1 1 5 6 6 2 1 6 4 9 7 7 5 5 2 6
12: 9 8 6 5 5 3 6 3 2 4 7 8 0 2 6 6 3 7 9 2 5 1 1 3 8 2 5 3 9 4 1 3 9 7 2 4 4 8 9 3 5 5 6 1 3 1 1 5 4 1 8 7 7 6 4 7 4 2 3 5 1 6 8 1 2 3 6 2 1 6 6 9 1 7 9 2 3 4 2 7 7 9 7 1 5 2 7 2 1 4 1 9 7 2 7 1 4 4 1 8
13: 9 8 3 5 1 5 8 4 8 4 6 6 2 0 1 9 7 3 8 7 3 7 7 8 4 2 9 9 3 1 6 9 8 6 6 8 6 1 9 1 9 9 9 2 1 1 3 1 3 9 4 1 6 4 4 4 4 1 5 4 1 5 7 8 8 1 8 8 9 6 8 5 1 5 5 9 6 2 8 6 8 6 3 4 5 5 4 7 3 4 3 5 2 4 1 4 6 1 6 9
14: 4 9 4 3 7 6 4 3 1 1 5 1 6 1 0 3 7 8 9 4 2 1 1 9 5 1 5 6 5 8 2 5 5 9 1 1 3 5 8 6 6 1 6 9 6 2 8 9 7 2 4 9 9 1 9 9 7 4 7 9 5 4 4 4 2 8 9 6 4 4 9 7 2 8 9 4 1 6 3 3 9 7 5 9 5 3 1 5 5 3 6 2 6 9 9 6 6 2 6 2
15: 9 2 6 3 5 5 8 3 5 3 8 5 6 9 3 0 4 6 3 2 5 5 6 7 2 9 7 8 4 3 9 1 2 6 8 1 9 2 3 5 1 5 3 5 3 6 8 5 3 8 8 4 5 1 5 4 2 6 5 4 4 1 7 4 4 1 1 5 8 1 9 2 8 2 2 7 1 1 2 8 9 2 4 3 1 7 1 6 5 8 8 9 6 8 1 5 6 5 2 5
16: 2 2 2 8 5 7 9 2 3 1 3 4 3 7 7 4 0 2 6 1 9 5 2 2 3 1 4 1 2 7 3 5 2 8 7 6 3 4 6 1 3 8 4 9 2 1 6 4 5 9 9 9 1 4 5 9 8 1 3 3 1 8 3 7 7 7 6 8 5 2 1 7 6 1 5 1 4 8 8 4 1 3 8 6 4 2 2 8 8 8 9 9 1 8 1 5 7 3 7 5
17: 5 3 4 8 7 3 3 1 3 9 1 5 7 3 8 6 2 0 6 9 4 8 9 4 3 8 4 8 4 5 2 8 5 2 4 3 3 2 4 7 4 4 3 3 2 5 1 2 4 4 4 8 3 9 8 3 4 4 1 5 4 8 3 6 1 2 8 9 7 9 6 5 3 9 4 4 1 7 7 5 1 7 1 6 9 7 8 6 7 4 5 8 2 3 6 8 4 4 9 2
18: 1 4 1 4 4 8 4 7 7 7 1 2 9 8 9 3 6 6 0 3 6 2 5 2 1 7 4 9 4 4 7 9 2 4 9 5 1 5 3 5 3 6 6 1 7 7 7 1 3 6 1 9 1 7 5 3 7 1 6 9 2 8 5 1 9 5 2 3 2 5 6 7 2 6 6 6 6 8 5 7 2 7 2 3 2 5 3 8 5 8 8 7 5 3 1 2 8 2 3 9
19: 1 5 9 4 5 4 4 8 9 6 5 7 2 7 4 2 1 9 3 0 9 9 9 4 6 1 5 3 4 5 3 6 2 3 6 2 9 6 4 5 6 2 1 7 7 6 5 2 2 7 5 4 5 2 3 9 6 4 8 6 3 8 6 8 5 6 1 2 1 2 9 9 7 1 3 4 5 3 2 1 4 3 5 9 6 5 1 3 4 9 8 7 1 1 5 8 5 5 1 6
20: 7 5 4 5 3 7 3 1 7 8 2 1 5 3 2 5 9 4 6 9 0 8 1 8 9 1 6 6 6 6 9 7 8 7 8 3 1 2 8 9 3 5 4 6 3 1 4 2 9 8 1 8 8 4 9 2 3 1 8 6 6 5 1 6 6 1 4 7 7 6 5 4 3 7 3 6 9 3 7 1 7 5 3 7 6 4 8 9 7 1 8 5 2 8 9 1 4 4 8 8
21: 6 5 5 7 7 6 2 7 1 7 3 2 1 7 1 5 5 8 2 9 8 0 6 5 4 2 8 8 5 1 9 9 1 6 2 9 4 7 4 5 9 9 7 1 7 7 3 3 7 9 7 7 1 8 2 5 8 2 4 6 6 7 8 8 9 2 8 6 1 8 7 1 3 9 1 6 4 4 6 1 7 2 6 9 1 8 4 5 8 8 1 2 8 2 8 8 8 3 3 8
22: 2 3 5 7 3 5 9 4 4 9 8 9 1 7 1 6 2 9 5 9 1 6 0 3 3 3 5 1 2 5 6 7 9 8 2 2 6 4 5 5 5 7 2 6 7 5 5 2 7 1 9 7 4 9 6 3 8 4 2 6 5 8 7 4 6 7 8 9 3 9 5 7 4 9 4 3 2 7 7 2 1 3 3 7 3 7 4 5 4 3 2 2 8 3 6 5 3 2 6 3
23: 5 4 6 3 8 9 9 6 7 5 9 3 3 8 9 7 2 4 2 4 8 5 3 0 4 7 8 9 3 7 7 7 6 5 5 8 2 9 2 2 6 2 7 9 3 9 3 2 9 6 7 9 4 7 5 6 9 9 8 2 4 2 5 5 2 4 9 7 7 1 8 3 2 8 1 3 7 6 2 4 6 5 7 2 7 2 5 8 8 5 2 9 1 5 2 2 2 7 2 2
24: 8 2 4 5 1 1 6 2 1 6 3 9 8 4 5 2 3 3 1 6 9 4 3 4 0 5 8 7 8 4 8 9 9 3 6 1 8 7 2 1 4 8 8 7 2 5 1 4 3 5 2 3 7 8 6 3 5 5 1 1 4 7 9 2 9 3 6 9 8 4 5 3 8 8 4 2 1 4 4 5 5 5 9 1 9 6 4 5 8 1 9 3 8 9 4 1 7 8 3 7
25: 9 3 1 8 1 4 4 6 3 6 6 3 2 2 1 9 1 8 7 1 1 2 3 7 5 0 2 9 4 3 7 3 7 5 9 1 2 6 6 2 5 4 9 1 9 2 9 4 1 8 1 9 7 1 5 2 6 4 6 4 4 1 3 3 8 9 1 8 2 9 7 5 8 6 6 1 8 9 8 9 8 3 5 9 5 8 6 6 5 8 2 8 5 8 6 2 7 4 4 6
26: 3 7 6 8 4 8 1 4 6 4 4 4 5 9 5 7 4 4 4 5 6 8 5 8 8 2 0 9 6 6 3 9 9 6 4 4 9 2 9 6 7 7 6 4 4 4 5 5 4 5 4 6 1 4 3 1 8 5 1 5 1 2 6 5 6 6 8 1 4 9 1 5 8 8 1 9 5 3 7 2 4 4 6 5 4 6 3 5 8 7 6 4 7 6 3 9 7 8 3 8
27: 7 1 7 5 9 4 3 7 8 6 4 8 3 9 6 8 1 8 9 3 6 8 1 9 7 9 9 0 6 1 9 8 2 5 5 2 2 9 3 5 2 4 3 9 4 4 9 9 8 3 3 9 5 3 9 8 3 9 9 2 6 7 1 6 7 2 1 4 4 5 7 9 9 8 3 8 9 8 6 9 5 1 6 2 3 6 4 8 6 1 1 7 9 9 7 2 7 3 2 5
28: 7 3 8 8 9 3 4 9 6 9 5 7 9 3 5 4 2 4 4 4 6 5 2 3 8 4 6 6 0 1 3 8 6 8 5 2 3 2 6 3 3 3 5 6 4 9 4 5 2 3 6 9 2 5 8 5 2 4 3 4 2 9 8 4 6 1 3 9 9 9 4 6 1 5 6 8 7 5 9 4 7 7 5 9 1 6 8 6 6 5 5 1 8 4 2 2 8 2 6 4
29: 5 2 7 9 3 6 1 4 5 3 6 4 4 1 8 3 7 5 4 5 6 1 5 7 4 3 6 1 1 0 1 8 5 4 5 2 8 5 8 6 3 3 6 7 4 8 1 8 3 6 6 5 3 7 7 9 7 5 7 5 5 5 6 2 2 3 2 3 5 8 8 5 7 2 5 5 1 6 1 7 4 9 2 7 8 2 7 7 5 2 3 3 5 9 8 6 4 4 6 7
30: 2 6 1 1 4 4 1 2 1 5 4 2 1 6 2 9 3 2 7 3 9 9 6 7 8 7 3 9 3 1 0 8 6 4 3 7 6 4 2 5 8 2 9 9 2 2 9 5 8 3 2 7 2 9 5 5 5 9 8 3 7 5 7 2 2 1 2 3 6 1 2 6 6 3 7 4 8 5 9 3 5 7 1 4 8 9 9 3 1 1 3 9 6 3 1 4 6 7 5 1
31: 9 6 4 6 7 6 4 9 6 3 5 1 3 9 5 1 5 8 9 6 7 9 7 7 9 3 9 8 8 8 8 0 9 1 1 4 6 5 8 2 1 7 6 8 2 5 3 8 7 4 8 7 4 4 2 8 8 1 5 6 8 7 5 4 4 9 7 8 5 8 8 6 6 2 2 8 6 9 4 5 3 7 2 1 3 9 7 8 7 1 6 5 2 2 9 6 8 6 1 4
32: 6 8 3 3 8 2 4 3 2 6 6 9 9 8 5 2 2 5 2 2 8 1 9 6 9 7 9 2 6 5 6 9 0 4 8 1 2 7 8 5 8 1 7 3 5 8 9 1 5 7 5 7 1 1 4 2 7 1 9 5 4 9 1 6 1 1 5 8 2 6 8 1 2 3 4 8 5 7 7 2 5 9 4 8 8 6 3 6 5 5 5 8 5 9 5 9 4 4 1 6
33: 8 8 2 5 3 7 1 6 2 8 9 8 7 6 9 6 8 2 4 3 7 6 8 5 3 5 6 5 8 4 4 1 4 0 8 9 6 6 4 9 8 7 6 6 3 3 7 3 3 3 2 5 4 6 4 5 5 2 9 2 6 8 3 3 3 3 7 1 7 3 6 7 7 4 2 8 7 4 3 3 3 3 9 1 3 4 6 8 6 9 8 3 9 1 7 8 9 5 4 7
34: 2 3 1 3 2 6 7 8 5 6 9 4 2 6 1 8 7 4 9 6 8 2 2 5 6 9 4 5 5 5 3 1 8 8 0 2 1 6 5 1 3 3 4 1 7 6 2 6 5 6 2 3 6 7 3 2 6 4 7 3 2 1 7 3 6 8 7 2 9 9 9 5 3 1 9 5 1 8 2 2 2 9 2 7 5 6 7 2 7 4 9 8 3 5 9 1 7 5 4 6
35: 8 8 4 4 7 9 3 2 7 4 9 5 4 8 1 1 6 3 5 2 3 9 2 8 1 1 4 2 2 2 7 4 1 9 2 0 8 7 6 5 9 7 9 6 1 8 7 8 4 8 2 7 8 2 3 6 6 9 3 1 8 4 1 9 2 3 2 9 5 6 7 6 2 7 6 9 8 2 6 5 8 4 3 1 5 6 2 7 1 9 3 6 2 5 6 7 8 8 2 7
36: 2 1 9 4 2 5 3 3 3 9 4 2 4 6 3 9 3 3 1 9 1 4 6 2 8 2 9 2 3 8 6 6 2 6 1 8 0 4 6 8 9 5 4 3 6 2 2 9 5 2 9 1 7 9 9 2 7 7 9 9 4 2 2 1 2 7 5 6 9 1 4 9 5 6 5 2 7 6 4 9 9 1 3 6 2 2 4 3 7 8 2 1 9 1 9 5 3 2 5 3
37: 2 9 3 1 8 5 9 6 2 7 1 7 8 1 5 2 4 2 5 6 2 7 4 9 7 6 2 9 2 5 4 5 7 6 6 7 4 0 2 3 3 8 9 6 8 5 6 6 4 8 8 6 6 3 7 4 1 2 2 4 6 3 3 2 1 2 1 6 8 7 3 7 2 3 8 9 3 5 4 3 6 4 7 7 5 6 2 4 7 3 7 7 2 8 9 9 3 6 5 8
38: 9 4 9 1 4 3 3 5 4 8 9 7 9 9 8 3 6 4 3 4 8 4 5 2 2 6 9 3 6 8 2 8 8 4 5 6 6 2 0 6 4 2 5 7 2 4 8 2 2 3 3 6 1 9 7 7 8 1 1 4 5 1 4 8 4 5 5 2 3 9 9 6 3 2 8 3 5 1 2 8 3 3 7 5 3 4 8 1 5 1 9 1 3 4 6 2 2 2 8 4
39: 6 6 1 1 1 5 6 6 9 2 7 4 3 1 6 5 1 7 5 5 9 5 5 2 1 2 6 5 3 6 5 2 5 9 1 5 8 3 6 0 4 7 2 9 9 3 6 6 6 9 8 9 4 8 4 9 9 7 4 5 1 6 5 9 9 7 6 1 1 8 1 8 1 4 1 4 6 1 8 8 7 7 1 4 8 6 7 5 8 4 4 2 1 3 2 3 6 1 7 7
40: 9 8 3 3 8 3 2 5 4 5 9 5 5 9 6 1 3 4 3 6 3 9 5 6 4 5 7 2 3 3 8 1 8 8 3 9 9 3 4 4 0 2 4 2 3 3 8 3 4 7 3 7 7 2 7 9 1 8 9 1 3 6 4 6 6 1 7 7 8 7 1 8 9 1 3 7 8 1 4 8 3 1 6 7 3 1 8 3 4 4 6 5 6 1 7 5 1 1 9 4
41: 8 3 3 2 5 5 5 8 4 8 6 2 5 9 1 5 8 4 6 2 5 9 7 2 8 4 7 4 3 3 2 7 1 7 3 7 5 8 2 7 2 0 1 1 3 9 1 8 2 3 8 4 7 7 4 3 9 3 4 5 6 1 9 5 3 2 9 1 9 6 2 3 9 1 4 9 2 9 8 3 3 9 2 2 7 5 1 9 8 8 6 2 7 7 3 8 4 4 5 8
42: 2 1 2 5 8 2 1 5 5 2 9 5 6 9 6 3 4 3 6 1 4 7 2 7 8 9 6 3 5 6 9 6 7 6 4 9 4 9 5 2 4 1 0 5 3 8 2 6 8 5 6 3 6 4 9 3 4 5 2 1 2 9 1 3 1 2 9 7 8 1 6 7 3 7 7 6 3 6 7 1 8 1 2 8 8 6 2 9 9 7 5 3 3 4 9 4 3 7 5 1
43: 7 8 4 6 2 2 7 6 3 5 8 8 1 2 9 5 9 3 1 7 6 1 6 9 7 1 4 9 6 7 9 8 3 6 1 6 3 6 7 9 2 1 5 0 7 4 1 2 5 4 7 1 6 1 2 6 4 5 9 8 4 1 3 2 3 6 2 3 7 8 4 8 9 4 5 5 5 1 1 7 6 6 8 2 9 6 2 3 7 6 7 9 3 8 7 7 2 7 4 2
44: 7 6 1 4 2 9 1 3 7 1 4 5 3 1 6 3 2 2 7 7 3 7 7 3 2 9 4 4 4 4 2 2 5 3 7 1 6 8 2 9 3 3 3 7 0 3 4 9 7 4 4 9 6 7 3 5 7 4 2 1 9 1 6 4 5 1 3 7 6 3 3 4 8 7 2 3 2 1 5 4 6 9 7 6 1 3 2 3 6 7 6 8 4 2 9 7 3 4 9 2
45: 5 5 6 8 7 8 3 3 7 1 2 6 1 1 2 6 1 5 7 6 1 7 5 9 5 2 4 4 9 8 2 5 8 3 6 8 2 5 4 3 3 9 8 4 3 0 5 6 5 6 7 2 4 6 2 9 1 4 3 7 6 1 3 9 7 9 2 8 5 5 5 7 8 5 7 6 4 5 7 4 1 5 3 9 2 7 1 4 6 2 2 9 3 1 3 4 6 9 3 1
46: 3 2 2 6 6 6 8 5 2 3 2 9 1 3 8 8 6 1 7 5 4 3 5 3 1 9 5 9 4 1 9 3 9 7 2 7 2 6 8 6 8 1 2 1 4 5 0 5 8 7 1 7 9 6 7 4 5 3 3 5 2 2 3 6 6 6 3 3 3 8 3 2 3 4 1 2 1 7 7 5 6 6 3 1 7 3 4 8 7 4 6 7 2 2 7 6 7 6 4 3
47: 9 5 6 4 7 8 2 4 3 6 9 1 5 1 9 5 4 2 1 2 2 3 2 2 4 4 5 9 5 8 5 8 1 3 6 8 9 6 2 6 3 8 6 2 9 6 5 0 2 8 7 7 6 3 4 5 2 5 6 1 2 7 9 8 8 6 7 9 1 9 5 2 8 3 6 3 1 2 2 8 4 7 8 1 6 4 6 2 2 3 7 5 8 7 1 6 7 4 3 5
48: 2 3 3 8 9 3 8 8 1 6 3 4 4 3 7 3 5 4 3 2 9 7 7 9 3 1 4 8 2 3 8 7 5 3 5 4 5 4 2 6 4 2 8 5 7 5 8 2 0 6 5 3 6 3 8 8 2 7 9 7 7 9 2 6 3 7 7 2 2 5 2 9 7 2 1 4 3 1 6 5 2 9 9 9 3 8 2 4 5 1 5 5 9 3 3 2 6 3 2 4
49: 6 7 6 1 6 4 5 5 5 9 3 3 1 9 2 8 9 4 6 7 8 9 1 6 5 8 5 3 3 6 3 4 7 3 6 8 2 8 3 9 7 3 5 4 4 6 7 8 6 0 7 1 2 8 3 6 6 6 8 4 5 1 8 1 8 6 8 4 1 1 6 3 4 5 7 2 8 4 5 3 7 2 9 3 3 6 7 5 9 5 2 9 7 4 8 2 8 9 2 7
50: 7 2 2 8 8 6 7 2 3 8 4 7 8 4 4 8 9 4 1 5 1 7 9 7 2 1 4 3 6 6 2 8 5 2 2 2 9 8 3 8 3 8 6 7 4 7 1 7 5 7 0 1 1 6 7 2 1 9 4 5 2 5 9 8 2 3 2 3 5 5 1 1 9 1 5 1 3 9 3 3 5 5 3 7 1 6 4 1 2 3 8 7 1 9 6 4 6 2 4 6
51: 9 3 4 9 2 5 6 2 6 2 8 2 7 1 9 4 9 8 9 4 8 7 7 9 3 9 6 9 9 5 7 7 7 5 3 7 1 6 6 9 7 4 3 1 9 2 7 7 3 1 1 0 6 1 7 1 8 2 7 6 4 3 7 6 9 5 5 6 9 1 9 7 3 7 8 8 5 6 5 6 5 7 1 6 4 7 3 2 2 7 6 5 2 8 2 5 8 2 5 4
52: 2 3 7 5 1 3 5 1 2 9 6 8 7 6 9 5 1 3 1 5 8 1 4 4 7 7 1 5 2 3 2 4 1 4 6 8 7 6 1 4 7 7 6 6 6 4 9 6 6 2 1 6 0 2 6 1 6 8 3 8 1 9 6 2 9 1 2 9 8 8 7 4 3 4 8 7 4 6 1 4 3 6 3 9 7 5 1 9 1 8 5 4 9 2 9 5 1 9 9 8
53: 9 4 2 5 9 6 2 1 2 4 2 4 6 4 1 1 4 9 7 2 4 8 9 7 8 1 4 3 5 7 9 4 1 6 7 2 9 3 9 8 2 7 4 1 7 6 6 3 3 8 6 1 2 0 1 2 7 6 1 1 7 8 1 5 6 7 3 7 2 8 7 8 9 6 1 9 4 7 5 2 7 3 5 1 2 9 1 7 5 7 8 1 6 1 9 5 2 8 8 2
54: 7 6 7 5 3 1 8 3 2 5 9 1 4 4 9 5 5 8 5 3 9 2 6 5 6 5 3 9 8 7 5 2 4 4 3 3 9 7 7 4 7 4 9 2 3 2 7 4 8 3 7 7 6 1 0 1 5 2 4 1 9 9 3 9 8 7 4 5 8 2 4 6 6 2 2 8 4 7 9 8 6 6 1 1 5 1 2 7 7 4 3 8 7 4 4 1 8 7 5 4
55: 7 8 9 6 3 3 8 4 4 5 9 5 7 4 9 4 9 3 3 9 2 5 3 6 3 2 1 8 5 9 5 8 2 5 2 6 2 4 7 9 9 3 3 6 5 9 4 5 8 6 2 1 1 2 1 0 2 4 2 5 6 9 4 2 3 8 3 6 8 4 5 4 8 1 5 1 2 5 5 4 9 8 4 9 4 8 9 9 7 9 9 3 5 4 8 5 1 9 8 7
56: 6 6 2 1 3 7 7 3 8 2 8 6 4 4 7 2 8 4 7 6 3 8 8 9 5 6 8 3 2 7 5 8 7 5 6 6 7 1 8 9 1 9 4 4 7 1 5 2 2 6 1 8 6 7 5 2 0 2 1 6 5 6 4 9 7 8 4 5 4 2 9 4 5 9 7 5 4 7 3 2 6 2 9 8 9 8 4 1 6 1 5 8 2 8 4 1 5 6 7 2
57: 1 5 4 7 7 8 8 3 3 4 6 4 2 1 4 6 1 4 1 4 1 2 4 9 5 4 5 9 4 5 9 1 1 2 4 9 7 2 1 7 8 3 5 5 4 4 3 5 7 6 9 2 8 6 2 4 2 0 8 5 9 8 4 4 6 3 5 7 8 7 4 2 1 5 7 3 5 4 4 2 9 7 1 9 7 4 5 7 6 7 9 2 7 3 1 8 5 9 5 5
58: 5 5 4 3 5 9 5 8 6 8 3 5 3 5 7 5 3 1 6 8 8 4 2 8 1 6 1 9 3 7 8 5 9 9 7 3 9 2 1 4 9 4 2 9 2 3 3 6 9 8 4 7 3 1 4 2 1 8 0 7 2 3 2 6 2 7 5 7 3 6 8 2 3 5 2 5 8 3 8 5 7 2 4 3 6 3 5 7 9 4 2 4 2 1 8 3 1 1 1 5
59: 3 3 2 1 8 4 9 4 8 5 2 1 5 4 9 4 3 5 9 6 6 6 6 2 1 4 5 2 4 5 3 6 5 2 3 1 9 4 4 5 1 5 1 8 1 7 5 1 7 4 5 6 8 1 1 5 6 5 7 0 5 3 4 9 7 8 8 9 5 1 9 8 8 3 2 8 3 5 7 4 9 2 3 4 4 5 6 3 2 2 2 3 1 7 4 5 1 4 7 7
60: 7 6 4 4 4 5 2 4 9 2 3 4 1 1 5 4 1 4 2 3 6 6 5 4 4 4 1 6 2 5 7 8 4 6 2 8 4 6 5 1 3 6 2 4 9 6 2 2 7 5 2 4 1 7 9 6 5 9 2 5 0 1 7 6 1 1 6 5 5 6 7 8 1 6 7 8 2 9 7 2 2 1 9 6 5 4 6 2 2 8 8 5 5 9 2 7 1 8 1 5
61: 9 7 6 5 5 9 7 4 1 1 4 8 6 5 4 1 8 8 8 8 5 7 8 2 7 1 2 7 9 5 5 7 9 8 1 4 2 3 1 6 6 1 9 1 1 1 2 7 9 1 5 3 9 8 9 9 6 8 3 3 1 0 9 6 8 2 4 3 9 8 8 4 1 7 6 9 6 4 1 5 7 8 5 4 2 3 1 3 9 7 4 1 3 1 1 6 8 2 1 7
62: 4 6 9 9 4 6 4 2 3 3 9 7 8 7 4 7 3 3 5 6 1 8 7 5 9 3 6 1 8 6 7 5 1 3 7 1 2 3 4 5 4 9 1 3 6 3 3 9 2 8 9 7 6 1 3 4 4 4 2 4 7 9 0 2 2 3 5 8 5 8 7 8 6 6 4 3 9 9 5 3 8 2 5 7 1 8 6 9 1 5 1 3 8 9 2 6 2 2 1 2
63: 9 8 8 5 3 8 4 2 2 6 9 5 1 8 4 4 7 6 1 8 6 8 4 5 2 3 5 6 4 2 2 4 6 3 3 9 1 2 8 9 6 5 3 2 4 9 6 8 6 1 8 6 2 5 9 2 9 4 6 9 6 6 2 0 8 1 5 9 3 4 1 9 6 7 2 3 5 1 5 1 6 9 8 1 4 9 2 4 3 4 6 2 4 4 6 4 7 1 9 9
64: 4 5 5 7 3 9 4 6 8 9 3 4 2 8 2 4 7 1 9 5 6 9 6 2 9 8 6 7 6 2 2 4 1 3 6 2 2 1 4 9 6 3 1 3 5 7 6 8 3 8 2 9 9 6 8 3 7 6 2 7 1 8 2 8 0 1 5 8 9 5 3 3 2 5 7 1 5 3 2 8 6 8 7 2 5 6 2 8 6 2 9 2 2 8 2 6 2 1 7 7
65: 9 9 6 7 9 7 1 3 8 5 2 9 3 1 8 1 7 2 5 6 1 2 7 4 3 9 6 2 1 3 1 9 1 3 8 3 7 2 5 7 1 2 2 6 1 9 6 6 7 6 3 5 1 7 7 8 8 3 7 8 1 2 3 1 1 0 9 6 7 1 3 5 3 2 7 3 8 3 2 7 3 8 9 1 4 7 4 8 7 9 1 9 8 2 4 7 9 4 5 4
66: 7 4 2 1 2 2 2 1 2 7 9 5 6 8 9 1 6 8 2 1 4 8 8 9 6 1 8 1 3 2 2 7 5 7 7 2 5 1 5 6 7 9 9 2 3 2 3 7 7 8 2 5 2 3 4 3 4 5 5 8 6 4 5 5 5 9 0 5 8 4 4 1 3 1 7 3 2 6 4 4 3 9 9 9 7 2 1 2 5 2 1 6 8 9 5 2 7 9 7 5
67: 9 3 2 9 5 1 7 6 3 6 7 2 2 8 6 5 8 9 3 2 7 6 9 7 9 8 1 4 9 3 3 8 8 1 2 9 6 6 2 1 7 1 7 3 7 8 3 9 2 4 3 6 9 7 5 6 5 7 7 9 5 3 8 9 8 6 5 0 4 8 6 7 5 2 9 7 8 2 3 2 2 6 2 2 4 5 4 9 8 7 7 2 2 5 2 5 2 4 8 2
68: 7 4 9 1 4 4 6 7 3 8 4 4 1 9 4 8 5 7 2 1 7 1 3 7 8 2 4 4 9 5 6 5 2 7 9 5 9 8 3 1 8 9 8 7 6 5 3 1 2 1 5 9 8 2 8 8 4 8 3 5 5 9 5 3 9 7 8 4 0 9 1 3 8 5 4 6 6 7 8 1 2 4 8 2 1 8 1 9 2 7 2 1 8 7 9 5 7 8 2 5
69: 4 7 2 5 4 6 4 3 6 8 7 7 6 6 4 1 2 9 5 2 6 8 9 1 4 9 9 5 9 8 1 8 6 3 9 6 1 7 9 8 7 6 1 8 3 5 8 9 5 1 5 1 8 8 2 4 2 7 6 1 6 8 8 4 5 1 4 8 9 0 1 1 8 1 1 9 9 6 9 8 4 4 5 4 9 9 6 4 1 9 3 3 9 5 9 7 5 4 1 3
70: 6 3 2 5 9 9 2 2 9 8 4 9 6 8 9 9 1 6 6 9 5 7 5 8 5 7 1 7 4 8 2 8 8 6 9 7 4 3 9 1 1 2 6 4 3 5 3 5 2 6 1 9 7 7 4 5 9 4 8 9 7 8 7 1 3 3 4 6 1 1 0 7 3 8 2 6 7 6 3 3 4 6 1 6 5 7 4 7 9 6 8 2 1 1 1 6 1 3 1 6
71: 7 4 3 6 1 4 9 1 1 2 7 3 9 5 7 2 7 5 7 9 4 1 7 3 3 5 5 9 6 5 6 6 1 7 5 6 9 7 6 8 8 3 7 8 4 7 2 2 9 3 1 7 4 8 6 4 4 2 2 8 8 4 8 9 3 5 1 7 3 1 7 0 2 4 4 4 5 4 4 5 1 8 7 8 6 5 1 7 8 2 2 2 8 4 7 1 9 9 4 8
72: 1 5 2 8 6 2 7 2 8 7 6 8 1 1 2 8 6 3 2 7 3 3 4 2 8 8 8 9 1 7 6 6 2 7 3 2 5 2 3 1 9 9 3 9 8 8 3 8 7 4 9 3 3 9 6 8 5 1 3 8 1 1 6 6 2 3 3 5 8 8 3 2 0 5 8 7 4 6 3 1 6 9 5 8 5 2 6 7 3 7 6 2 7 7 2 4 2 9 6 1
73: 1 3 5 3 5 4 2 7 2 2 8 9 7 5 8 2 1 9 6 1 7 9 9 8 8 6 8 8 5 2 3 2 3 4 1 7 6 3 2 4 1 1 7 4 7 5 4 3 2 5 1 7 4 6 2 1 9 5 5 3 6 7 6 7 5 2 1 2 5 1 8 4 5 0 7 7 7 9 7 5 3 4 6 2 3 4 2 1 3 9 8 8 8 4 1 5 8 5 2 4
74: 2 4 1 1 3 1 1 2 1 1 3 1 9 5 9 2 5 4 6 3 3 1 4 1 4 6 1 3 6 5 7 2 4 2 9 6 5 8 8 1 3 4 7 5 2 7 1 6 1 7 5 8 8 1 2 5 7 7 2 2 7 6 4 2 7 7 7 9 4 1 2 4 8 7 0 8 5 2 4 6 2 6 5 7 2 8 3 8 8 3 7 8 1 5 6 6 5 2 3 8
75: 8 6 4 5 2 3 2 8 6 3 3 8 2 9 4 7 1 4 6 4 6 6 3 3 2 1 9 8 8 5 4 8 8 8 5 9 2 9 3 4 7 9 6 5 3 6 2 3 4 2 1 8 7 9 8 1 5 3 5 8 8 9 3 3 1 3 3 7 6 9 6 4 7 7 8 0 3 9 7 8 9 4 7 7 7 3 4 3 1 1 8 1 4 2 7 9 6 9 1 4
76: 1 1 8 7 1 5 1 4 4 5 6 5 3 6 1 1 4 1 6 5 9 4 2 7 1 8 5 9 7 1 8 6 5 7 1 8 7 3 5 6 8 2 3 5 2 4 1 1 3 8 3 5 4 4 4 2 4 5 8 3 2 6 9 5 5 8 2 8 6 9 7 5 4 7 5 3 0 3 3 1 6 7 7 7 2 4 4 1 5 9 1 9 5 2 4 1 4 6 4 3
77: 9 9 6 5 8 3 7 2 4 9 1 8 4 2 6 1 8 7 8 3 3 4 7 6 4 9 3 8 5 6 5 9 7 4 8 2 6 5 1 1 1 9 6 1 1 5 7 2 1 4 9 6 6 7 7 5 7 4 3 5 9 4 9 1 3 3 6 2 7 6 6 4 6 9 2 9 3 0 1 6 6 3 4 3 2 9 9 8 3 7 2 3 2 4 5 6 6 3 9 8
78: 5 7 7 4 5 7 3 2 2 5 9 9 2 8 3 2 8 7 5 2 7 6 7 2 4 8 7 6 9 1 9 4 7 3 2 6 4 4 2 8 4 8 7 1 5 7 7 2 6 5 3 5 1 5 9 5 3 4 8 7 7 1 5 5 2 2 4 3 8 9 3 4 3 7 4 7 3 1 0 2 4 5 3 6 9 4 2 8 2 4 6 7 8 5 6 5 8 9 8 5
79: 6 9 9 7 7 6 3 3 5 6 5 3 7 6 3 8 4 5 7 1 1 1 2 4 5 9 2 9 4 7 3 5 2 3 2 5 9 3 8 8 8 3 1 7 4 4 5 8 5 3 3 6 4 2 8 4 2 2 5 4 2 5 3 1 8 7 4 2 1 8 3 5 1 5 6 8 1 6 2 0 2 8 4 5 9 1 4 9 1 9 4 8 4 1 8 4 8 8 8 6
80: 4 1 6 2 7 1 5 6 8 2 8 7 7 8 9 9 1 1 2 4 7 7 1 6 5 8 4 5 7 4 5 3 5 3 2 8 9 6 3 7 3 3 8 6 6 1 6 4 2 7 5 5 3 7 6 9 6 9 7 9 2 7 8 6 6 3 3 2 2 4 4 1 6 3 2 9 6 6 4 2 0 5 2 7 9 8 2 1 6 4 5 2 2 5 6 1 1 6 3 6
81: 7 9 3 3 8 6 5 2 1 3 5 2 9 6 7 2 3 7 7 3 5 2 3 5 5 3 4 1 7 9 7 7 9 3 9 4 1 4 3 7 1 9 1 6 9 5 6 7 9 2 5 7 6 3 6 8 2 7 2 2 1 8 2 9 8 8 9 6 4 4 6 8 9 4 6 4 7 3 5 8 5 0 2 5 4 7 7 8 9 7 1 4 2 2 6 5 5 8 3 5
82: 9 4 8 9 8 8 8 6 2 7 7 8 7 3 5 4 8 1 2 5 3 6 3 7 9 5 6 6 5 2 1 2 4 9 2 3 3 7 7 1 6 2 2 8 7 3 3 8 9 9 3 1 3 5 1 4 9 1 4 3 9 5 5 8 7 9 9 2 8 5 1 7 5 6 5 7 7 4 3 4 2 2 0 8 5 9 7 9 7 8 1 3 8 7 7 2 2 1 6 5
83: 4 7 5 2 7 5 3 3 4 5 6 3 1 4 9 3 6 6 3 9 7 9 7 2 1 9 5 2 9 7 4 1 8 1 7 1 6 7 5 4 7 2 8 2 6 9 1 1 9 3 7 6 9 1 1 9 8 9 3 4 6 4 7 1 2 1 9 2 2 4 6 8 8 2 7 7 7 3 6 5 7 5 8 0 1 6 9 8 1 6 8 1 5 8 9 5 5 3 6 7
84: 8 5 8 1 2 9 9 1 8 9 2 1 5 5 5 1 4 9 2 6 6 1 3 7 9 5 4 3 1 8 8 3 8 3 5 5 2 5 3 8 3 7 8 9 1 2 7 6 3 3 1 4 7 2 5 4 9 7 6 4 5 2 1 4 5 4 7 4 1 9 5 6 5 3 2 7 2 2 9 9 9 4 5 1 0 4 1 5 9 3 7 6 2 3 9 3 8 8 6 5
85: 6 3 3 9 2 6 4 9 8 7 7 1 2 5 3 7 2 7 5 5 4 8 7 2 6 8 6 6 6 2 9 9 6 4 6 6 2 6 4 6 1 5 6 6 3 7 3 4 8 6 6 7 5 9 1 8 8 4 3 5 4 3 8 9 6 7 2 5 8 9 7 5 2 4 8 3 4 9 4 1 8 7 9 6 4 0 5 1 3 9 8 4 4 6 5 2 2 8 4 9
86: 3 7 1 9 7 1 1 9 6 6 1 5 7 4 1 1 2 8 3 1 8 4 4 5 4 6 3 4 8 7 9 7 3 6 7 2 4 2 8 7 8 1 2 2 2 1 4 6 2 7 4 3 1 1 2 9 4 5 5 6 6 1 6 2 2 4 1 4 1 6 4 1 6 2 3 4 4 9 2 4 2 7 7 9 1 5 0 9 9 1 9 6 2 4 5 6 9 1 4 5
87: 1 6 4 5 1 7 4 2 3 7 6 6 2 7 5 6 8 6 8 3 9 5 5 8 5 6 5 8 6 7 3 8 6 8 2 7 3 4 1 5 3 9 9 3 3 4 8 2 4 5 1 2 9 7 7 9 1 7 7 3 2 3 9 4 8 8 2 9 9 4 7 7 7 1 8 3 1 8 8 9 1 8 9 8 5 1 9 0 5 7 4 8 3 3 4 2 9 5 9 1
88: 9 8 6 3 4 4 5 8 8 3 3 6 1 3 5 5 8 7 5 4 7 8 4 8 8 5 8 6 6 5 1 7 5 6 7 1 7 7 5 8 4 8 9 7 6 6 7 2 5 9 2 2 1 5 7 7 6 6 9 2 2 9 1 3 6 7 5 8 2 1 9 8 3 3 8 1 5 3 2 1 6 9 7 1 9 3 9 5 0 5 8 6 6 7 7 4 9 3 6 7
89: 6 7 4 8 7 9 7 4 4 6 2 2 4 4 3 8 8 4 8 9 1 8 3 5 1 8 7 1 5 2 1 1 5 9 4 9 8 3 1 4 4 8 7 6 7 2 4 3 1 5 3 7 8 7 4 9 1 7 4 2 8 7 5 4 2 9 2 7 7 9 6 2 7 9 3 1 9 7 4 9 4 7 8 6 3 9 1 7 5 0 9 9 7 6 7 9 1 2 5 4
90: 3 9 4 7 4 3 6 5 5 8 8 1 1 3 6 8 9 5 8 8 8 1 2 2 9 2 6 1 5 3 3 6 5 8 9 3 2 7 9 4 6 6 5 7 6 2 6 7 5 2 8 6 5 8 3 9 5 9 2 2 8 4 1 6 9 1 1 7 2 3 8 2 6 8 7 8 1 2 6 4 5 1 1 8 7 8 9 4 8 9 0 4 4 2 9 2 6 9 5 3
91: 1 7 1 5 9 4 2 4 1 2 1 6 9 5 2 9 9 8 7 7 5 2 2 9 3 8 4 7 1 3 9 5 8 3 8 6 1 7 1 2 5 2 3 9 8 9 7 5 5 9 7 5 4 1 8 3 8 2 4 3 5 1 3 2 2 9 6 2 1 3 2 2 2 8 8 1 9 3 7 8 2 4 3 1 6 4 6 8 6 9 4 0 7 1 2 2 8 1 8 8
92: 6 6 7 8 1 8 7 5 7 5 3 4 7 2 6 6 1 2 5 1 2 8 8 1 8 5 7 9 8 5 6 2 5 9 3 2 9 2 3 1 6 7 3 3 4 3 2 8 9 7 1 2 9 6 7 5 2 7 2 1 5 3 8 4 2 8 8 2 8 9 1 8 7 8 1 4 5 2 8 4 2 2 8 5 2 4 2 3 6 7 4 7 0 2 1 8 3 6 7 8
93: 4 5 6 4 6 1 7 9 1 8 3 9 2 4 9 8 8 3 3 1 8 2 3 5 9 8 6 9 4 9 3 2 9 1 5 5 1 8 4 3 1 7 4 8 2 1 2 7 3 4 9 8 2 1 4 4 8 3 1 7 9 1 9 4 8 2 9 5 7 5 1 4 7 4 5 2 2 4 5 1 5 2 7 8 3 6 4 3 7 6 2 1 2 0 6 4 3 7 2 6
94: 6 5 1 9 8 4 9 3 2 1 9 7 7 1 9 1 1 6 1 5 9 8 6 2 4 6 3 7 2 8 1 9 5 7 9 6 9 9 6 2 7 3 9 7 9 3 7 1 3 8 6 2 9 9 4 8 4 1 8 4 2 1 2 6 2 4 5 2 9 9 1 7 2 1 6 7 4 5 6 8 6 6 7 9 9 5 5 4 7 7 9 2 1 6 0 1 8 5 2 8
95: 7 1 6 6 6 9 1 6 4 2 5 7 1 4 6 5 5 8 2 8 1 8 5 2 1 2 9 2 2 6 4 6 9 8 1 7 5 9 2 3 5 8 4 7 7 4 6 6 2 2 4 5 5 5 1 5 1 8 3 5 7 6 6 4 6 7 2 5 5 7 6 1 4 5 6 9 1 6 5 4 1 5 2 5 3 2 6 2 4 9 2 2 8 4 1 0 1 8 9 7
96: 7 2 4 5 7 6 2 1 7 8 1 5 4 6 6 6 7 4 8 5 4 8 3 2 7 7 7 7 8 4 6 8 4 9 7 8 3 3 2 6 1 4 3 2 3 6 7 7 6 8 6 8 1 2 8 1 5 5 1 1 1 8 2 7 2 9 7 2 7 5 1 9 2 8 5 6 4 6 8 8 1 5 2 5 8 2 9 9 9 1 6 8 3 3 8 1 0 5 9 6
97: 4 3 4 6 7 4 5 3 4 3 8 5 4 1 2 5 3 4 2 5 4 3 2 7 8 4 8 3 2 4 7 6 4 5 5 8 2 6 2 1 1 4 7 7 4 9 6 4 3 9 2 2 9 8 7 9 6 9 1 4 8 2 2 1 1 4 9 4 8 4 3 9 9 5 2 9 6 3 9 8 6 8 1 3 8 8 1 5 3 2 9 1 6 7 5 8 5 0 5 2
98: 2 8 9 2 8 3 4 7 3 9 3 2 1 6 6 2 7 9 3 1 8 3 6 2 3 4 3 2 6 6 5 1 1 4 4 2 5 5 8 7 9 5 5 4 9 3 4 3 2 2 4 5 9 8 5 8 7 5 1 7 1 1 1 9 7 5 7 8 2 1 1 4 6 2 3 1 4 9 8 8 3 3 6 6 6 4 4 9 6 5 5 8 7 2 2 9 9 5 0 6
99: 2 6 5 6 4 6 4 5 1 5 2 6 8 9 2 5 5 2 9 6 8 8 3 2 7 6 8 5 4 7 1 4 6 7 6 7 3 8 4 7 4 8 1 2 2 1 3 5 4 7 6 4 8 2 4 7 2 5 5 7 5 7 2 9 7 4 5 2 5 3 6 8 1 4 8 4 3 8 5 6 6 5 5 7 5 9 5 1 7 4 3 8 8 6 8 7 6 2 6 0
