100 50 198

0: 0 0 0 0 0 0 0 0 0 0 0 0 0 0 0 0 0 0 1 0 0 0 1 0 0 0 0 1 0 0 0 0 0 0 0 0 0 0 0 0 0 0 1 0 0 0 1 0 0 0 0 0 0 0 0 0 1 0 1 0 0 0 1 0 0 0 0 0 0 0 0 0 0 0 0 0 0 0 0 1 0 0 0 1 0 0 0 0 0 0 0 0 0 1 0 0 0 0 0 0
1: 1 0 0 0 0 0 0 0 0 0 0 0 0 0 0 1 0 0 0 0 0 0 0 0 0 0 0 0 0 0 0 1 0 0 0 0 0 0 0 0 0 0 0 0 0 1 0 0 0 1 0 0 0 0 0 0 0 0 0 0 0 0 0 0 0 1 0 0 0 0 0 0 0 0 0 0 0 0 0 0 0 0 0 1 0 0 0 0 0 0 0 0 0 0 0 0 0 0 0 0
2: 0 0 0 0 0 0 0 0 0 0 0 0 0 0 0 0 0 0 0 1 0 0 0 0 1 0 0 0 0 0 0 0 0 0 0 0 1 0 0 0 1 0 0 0 0 0 0 0 0 0 0 0 0 0 0 0 0 0 0 0 0 0 1 0 0 0 0 1 0 0 0 1 0 0 1 0 0 0 0 1 0 0 0 0 1 0 0 0 0 1 0 0 0 0 0 0 0 0 0 0
3: 0 1 0 0 0 0 0 0 0 0 0 0 0 0 0 0 0 0 0 0 0 1 0 0 0 0 0 0 0 0 0 0 0 0 0 0 1 0 0 1 1 0 0 0 0 0 0 0 1 0 0 0 0 0 0 0 0 0 0 0 0 0 0 0 0 0 0 0 1 0 0 0 1 0 0 0 1 0 0 0 0 0 0 0 0 0 0 0 0 0 0 0 0 0 0 0 0 0 0 1
4: 0 0 0 1 0 0 0 0 0 1 0 0 0 0 0 0 0 0 0 0 0 1 0 1 0 0 0 0 0 1 0 0 0 0 0 0 0 0 0 0 0 0 0 0 0 0 0 0 0 0 0 0 0 0 0 0 0 0 0 1 0 1 0 0 0 0 0 0 0 0 0 0 0 0 0 0 0 0 0 0 0 0 0 1 0 0 0 0 0 1 0 0 0 0 0 0 0 0 0 0
5: 1 0 0 0 0 0 1 0 0 0 0 0 0 0 0 0 0 0 0 0 0 0 0 0 0 0 0 0 0 0 0 0 0 0 0 0 0 1 0 0 0 0 0 0 0 0 0 0 0 0 1 0 0 0 0 0 0 0 0 0 1 0 0 0 0 0 0 0 0 0 1 0 0 0 0 0 1 0 0 0 0 0 0 0 0 0 0 0 0 1 0 0 0 1 0 1 0 0 0 1
6: 0 0 0 0 0 0 0 0 0 0 1 0 0 0 0 0 0 0 0 0 0 0 0 0 1 0 0 0 0 0 0 0 0 0 0 0 0 0 0 0 0 0 0 0 1 1 0 0 0 0 0 0 0 1 0 0 0 0 0 0 0 0 0 0 0 0 0 0 0 1 0 0 0 1 0 0 0 0 0 0 0 0 0 0 0 1 0 0 1 0 0 0 0 0 0 0 0 0 0 0
7: 0 0 0 0 0 0 0 0 0 0 0 0 0 0 0 0 0 1 0 0 0 0 0 0 0 0 0 0 0 0 0 0 0 0 0 0 0 1 1 0 1 0 0 0 0 0 0 0 0 0 0 0 0 0 0 0 0 0 0 0 0 0 0 0 0 0 0 0 1 0 0 0 0 0 0 0 1 0 0 0 0 0 0 0 0 0 0 1 0 0 0 0 0 1 0 0 0 0 0 0
8: 0 0 0 1 0 0 0 0 0 0 0 0 0 0 1 0 0 1 0 0 0 0 0 0 0 0 0 0 0 0 0 0 0 1 0 0 0 0 0 1 0 0 0 0 0 0 0 0 0 0 0 0 0 0 0 0 0 0 0 0 0 0 1 0 0 0 0 0 0 0 0 0 1 1 0 0 0 0 0 0 1 0 0 0 0 0 0 0 1 0 0 0 0 0 0 1 1 0 0 0
9: 0 0 1 0 0 0 0 0 0 0 0 0 0 0 0 0 0 0 0 0 0 0 0 0 0 0 0 0 0 0 0 0 0 0 0 0 0 0 0 0 0 0 0 0 0 0 0 0 0 0 0 0 0 1 0 0 0 0 0 0 0 0 0 0 0 0 0 0 0 0 1 0 0 0 0 0 0 0 0 0 0 0 0 0 0 0 1 0 0 0 0 0 0 0 1 0 0 0 0 0
10: 0 0 0 0 0 0 0 0 0 0 0 0 0 0 1 0 0 0 0 1 1 0 1 0 0 0 0 0 0 0 0 0 0 0 0 0 0 0 0 0 0 0 1 0 0 1 0 0 0 0 0 0 0 0 0 0 0 0 0 0 0 0 0 0 0 0 0 0 0 0 0 1 0 0 0 0 0 0 0 0 0 0 0 0 0 0 0 0 0 0 0 0 0 0 0 0 1 1 0 0
11: 0 0 0 0 0 0 0 0 0 0 0 0 0 0 0 0 0 0 0 0 0 0 0 0 1 0 0 0 0 0 0 0 0 0 0 0 0 0 0 0 0 1 0 0 0 0 0 0 0 0 0 0 0 0 0 0 0 1 0 0 0 0 0 0 0 1 0 0 1 0 0 1 0 0 0 0 0 0 0 1 0 0 0 1 0 0 0 1 0 0 0 0 0 1 1 0 0 0 1 1
12: 0 0 1 0 0 0 0 0 1 0 0 0 1 0 0 0 0 0 0 0 0 0 0 0 0 0 0 0 0 0 0 0 1 0 0 0 0 0 0 0 0 0 0 0 0 0 0 0 0 0 0 0 1 0 0 0 0 0 0 0 1 0 0 0 0 0 0 0 0 0 1 0 0 0 0 1 0 1 0 0 0 1 1 0 0 0 0 0 0 0 0 0 0 0 0 0 0 0 0 0
13: 0 0 0 0 0 0 0 0 0 0 0 0 0 0 0 0 0 1 0 0 0 0 0 0 0 1 0 0 0 0 0 0 0 0 0 0 0 0 0 0 0 0 0 0 0 0 0 0 0 0 0 0 0 0 0 0 0 0 0 0 0 0 1 0 0 0 0 0 0 0 0 0 0 0 0 0 0 0 1 0 0 0 0 0 0 0 0 0 0 1 0 0 0 0 0 0 0 0 0 0
14: 0 0 0 0 0 0 0 0 0 0 0 0 1 0 1 0 0 0 0 0 0 0 0 0 0 1 0 0 1 0 0 0 0 0 0 0 0 0 0 0 0 0 0 0 0 0 0 0 0 0 1 0 0 0 0 0 0 0 0 0 0 0 0 0 0 0 0 1 0 0 0 0 0 0 0 1 0 0 0 0 0 0 0 0 0 1 1 0 0 0 0 0 0 0 0 0 0 0 0 0
15: 0 0 0 0 0 0 0 0 0 0 0 0 0 0 0 0 0 0 0 0 0 0 0 0 0 0 0 0 0 0 1 0 0 0 0 0 0 0 0 0 0 0 0 0 1 0 0 0 0 0 0 0 0 0 0 0 0 0 0 0 1 0 0 0 0 0 0 1 0 0 0 0 0 1 0 0 0 0 0 0 0 0 0 1 1 0 0 1 0 0 0 0 0 0 0 0 0 0 0 1
16: 0 0 0 1 0 1 0 0 1 0 0 0 0 0 0 0 0 1 0 0 0 0 0 0 0 1 0 0 0 0 1 0 0 0 0 0 0 0 0 0 1 0 0 0 0 0 0 0 0 0 0 0 0 0 0 0 0 0 0 0 0 0 0 0 0 0 0 1 0 0 0 0 0 0 0 0 0 0 0 0 0 0 0 0 0 0 0 0 0 0 0 0 0 0 0 0 0 0 1 0
17: 0 0 0 0 0 0 0 0 0 0 0 0 0 0 0 0 0 0 0 0 0 0 0 0 0 0 1 0 0 0 1 0 0 0 0 1 0 0 0 0 0 0 0 0 1 0 0 0 0 0 0 0 0 0 0 0 0 0 0 0 0 0 1 0 0 1 0 0 0 0 0 0 0 0 0 0 1 0 0 0 0 0 0 0 0 0 0 1 1 0 0 0 0 0 0 0 0 0 0 0
18: 0 0 0 1 0 0 0 0 0 0 0 0 0 0 0 0 0 0 0 0 0 0 0 0 1 0 0 0 0 0 0 0 0 0 0 0 0 0 0 1 0 0 0 0 0 0 0 0 0 0 0 0 0 0 1 1 1 0 0 0 0 0 1 0 0 0 1 0 0 0 0 0 0 1 0 0 1 0 0 0 0 0 0 0 0 0 0 0 0 0 1 0 0 0 0 0 0 1 0 0
19: 0 0 0 0 0 1 0 0 0 0 0 0 1 0 0 0 0 1 0 0 0 0 0 0 1 0 0 0 0 0 0 0 0 0 1 0 0 0 0 0 0 0 0 0 1 0 0 0 1 0 0 0 0 0 0 0 0 0 0 1 0 0 0 0 0 0 0 0 0 0 0 0 0 0 0 0 0 1 0 1 0 0 0 0 0 0 0 0 0 0 0 0 0 0 0 0 0 0 0 1
20: 1 0 0 0 0 0 0 0 1 0 1 0 0 0 0 0 0 0 0 0 0 1 1 0 0 0 0 0 0 0 0 0 0 0 0 0 0 0 0 1 0 0 1 0 1 0 0 0 0 0 0 0 0 0 1 0 0 0 1 0 0 0 0 0 1 0 0 0 0 0 1 0 0 0 0 1 0 0 0 0 1 0 0 0 0 0 0 0 1 0 0 0 0 1 0 0 0 0 0 0
21: 0 0 0 0 0 0 0 0 0 0 0 0 0 0 0 0 0 0 0 1 0 0 0 0 0 0 0 0 0 0 0 0 0 0 0 0 0 0 0 0 0 0 0 0 1 0 1 0 0 0 0 0 0 0 0 0 0 0 0 1 0 0 0 0 0 0 0 0 0 0 0 0 0 0 0 0 0 0 0 0 0 0 0 0 0 0 0 0 0 0 0 0 0 0 0 0 0 1 0 0
22: 0 0 0 1 0 1 0 0 0 0 0 0 1 0 0 0 0 0 1 0 0 0 0 0 0 0 0 0 1 0 0 0 0 0 0 0 0 0 0 0 0 0 1 1 1 0 0 0 0 1 0 0 0 0 1 0 0 0 0 0 0 0 0 0 0 0 0 0 0 1 0 1 0 0 0 0 0 0 0 0 0 0 0 0 0 0 0 0 0 0 0 0 1 1 0 0 0 1 0 1
23: 0 0 1 0 0 0 0 0 1 1 0 0 0 0 0 0 0 0 0 0 0 0 0 0 0 0 0 1 0 0 0 1 0 0 0 0 0 0 0 0 0 0 0 0 0 0 0 0 1 0 0 1 0 0 0 0 1 1 0 0 0 0 0 0 1 0 1 0 0 0 1 0 0 0 0 0 0 0 0 0 0 0 0 0 0 1 0 1 0 0 1 0 0 0 0 0 0 0 1 0
24: 0 0 1 0 0 0 0 0 0 0 0 0 0 1 0 1 0 0 0 0 0 0 0 0 1 0 0 0 1 0 0 0 0 0 0 0 0 0 0 1 0 0 0 0 0 1 0 0 1 0 0 0 0 0 0 0 0 0 0 0 0 0 0 0 0 0 0 0 0 0 0 0 0 0 1 0 0 0 0 0 0 0 0 0 1 0 0 0 0 0 1 0 0 1 0 0 0 0 0 1
25: 0 0 0 0 0 1 0 0 1 0 0 0 0 0 0 0 0 0 0 0 0 0 0 0 0 0 0 0 0 0 0 0 0 0 0 0 0 0 0 0 0 0 0 0 0 0 0 0 0 0 0 1 0 0 1 0 0 0 0 0 0 0 0 0 0 0 1 1 0 0 0 0 0 0 0 0 1 0 0 0 0 1 0 1 0 0 0 0 0 0 0 0 0 0 0 0 0 0 1 0
26: 0 1 1 1 0 0 0 0 0 0 0 0 0 0 0 0 0 0 0 0 1 0 0 0 0 0 0 0 0 0 0 0 0 0 0 0 0 1 0 0 0 0 1 0 1 0 0 0 0 0 0 0 0 0 0 0 0 0 0 0 0 0 0 0 0 0 0 0 0 0 1 0 0 1 0 0 0 0 0 1 0 0 0 0 0 0 0 0 0 1 1 0 0 0 0 0 0 0 0 1
27: 0 0 0 0 0 0 0 0 0 0 0 0 0 0 0 0 0 0 0 0 0 0 0 0 0 0 0 0 0 0 0 0 0 0 1 0 0 0 0 0 0 0 0 0 0 0 0 0 0 0 0 0 0 1 0 1 1 0 0 0 0 0 0 0 1 0 0 0 1 0 0 0 0 1 0 0 0 0 0 0 0 0 0 0 0 0 0 0 0 1 0 0 0 0 0 1 0 0 0 0
28: 0 0 0 0 1 0 0 0 0 0 0 0 0 0 0 0 0 0 0 0 0 0 0 0 0 0 0 0 0 0 0 0 0 0 0 0 0 0 1 0 0 0 0 0 0 0 0 0 1 1 0 0 0 0 0 1 1 0 0 0 0 0 1 0 0 0 0 0 0 1 0 1 0 0 0 0 0 0 0 0 0 0 0 0 0 0 0 0 0 0 1 0 0 0 0 0 0 0 0 0
29: 1 0 0 0 0 0 0 0 0 0 0 0 0 1 0 0 0 0 0 0 0 1 0 0 0 1 0 0 0 0 0 0 0 0 0 0 0 1 0 0 0 1 0 0 0 0 0 0 0 0 0 0 0 0 0 0 0 0 0 0 0 0 0 0 0 1 0 1 1 1 0 0 0 0 0 0 0 0 0 0 0 0 0 0 0 0 0 0 0 0 0 0 0 0 0 0 1 0 0 1
30: 0 0 0 0 0 0 0 0 0 0 0 0 0 0 0 0 0 0 0 0 1 0 0 0 1 0 0 0 0 0 0 0 0 0 0 0 0 0 0 1 1 0 0 0 0 0 0 0 0 0 0 0 0 0 0 0 0 0 0 0 0 0 0 0 0 0 0 0 0 0 0 0 1 0 0 0 0 0 0 0 0 0 0 0 0 0 0 0 0 0 0 0 1 0 0 0 0 0 0 0
31: 0 0 0 0 0 0 0 1 0 0 1 0 0 0 0 0 0 0 0 0 0 0 0 0 0 0 0 0 0 0 0 0 1 1 0 0 0 1 0 0 0 0 0 0 0 0 0 0 0 0 0 0 0 1 0 0 0 0 0 0 0 0 0 1 0 0 0 0 0 0 0 0 1 0 0 1 0 0 0 0 1 0 0 0 0 0 0 0 0 1 1 0 0 0 0 0 0 0 0 0
32: 0 0 0 0 0 0 0 0 0 0 0 0 0 0 0 1 1 0 0 1 0 0 1 0 0 0 0 0 0 0 0 0 0 0 0 1 1 0 0 0 0 0 0 0 0 0 0 0 0 0 0 1 0 0 0 0 0 0 0 0 0 0 0 0 0 0 0 0 0 0 0 0 1 0 0 0 0 1 0 0 0 0 0 0 0 0 0 0 0 0 0 0 0 0 0 1 0 0 0 0
33: 0 0 0 0 0 1 1 0 0 0 0 0 0 0 0 0 0 0 0 0 1 0 0 0 0 0 0 0 0 0 0 0 0 0 0 0 0 1 0 0 0 0 0 0 0 0 0 0 0 0 0 0 0 1 0 0 0 0 0 0 0 0 0 0 0 0 0 0 0 0 0 0 0 0 0 0 0 0 1 0 0 1 0 0 0 0 0 1 0 0 0 0 0 0 0 0 0 0 0 0
34: 0 0 0 0 0 0 0 0 0 0 0 0 0 0 1 0 0 0 0 0 1 0 0 0 0 0 0 0 0 1 0 0 0 0 0 0 0 0 0 0 0 0 0 0 0 0 0 0 0 0 0 1 0 0 0 0 0 0 0 0 0 0 0 0 1 0 0 0 1 0 0 0 0 0 0 0 0 0 0 0 0 0 0 0 1 0 0 0 0 0 0 0 0 0 1 0 0 0 0 0
35: 0 0 1 0 0 0 0 0 0 0 0 1 0 0 0 0 0 0 0 0 0 0 0 0 0 0 1 0 0 0 1 0 0 0 1 0 0 0 0 0 0 0 0 0 0 0 0 1 1 0 0 0 0 0 0 0 0 0 0 0 0 0 0 0 0 0 1 1 1 0 0 1 0 0 1 0 1 0 0 0 0 0 0 0 0 1 1 0 0 0 0 0 0 1 0 0 0 0 1 0
36: 0 0 0 1 0 1 0 0 0 0 0 1 0 0 0 0 0 0 1 0 0 0 0 0 0 0 0 0 0 0 0 1 0 0 0 0 0 1 0 0 0 0 1 0 1 0 0 0 0 0 0 0 0 0 0 0 1 0 1 0 0 0 0 0 0 1 0 0 0 0 0 0 0 0 0 0 0 0 0 0 0 0 0 0 0 0 0 0 0 0 0 0 0 0 0 0 0 0 0 0
37: 0 0 1 0 0 0 1 0 0 0 0 1 0 0 0 0 0 0 0 1 0 0 0 0 0 0 0 0 1 0 0 0 0 1 0 0 1 0 0 0 0 0 0 0 0 0 0 0 0 0 0 0 0 0 0 0 0 0 0 0 0 0 0 0 0 0 0 0 0 0 0 0 1 1 0 0 0 0 0 0 0 0 0 0 1 0 0 0 0 0 0 0 0 0 0 0 0 0 0 0
38: 0 0 0 0 0 0 0 0 0 0 0 0 0 0 0 0 0 0 0 0 0 0 0 1 0 0 0 0 0 0 0 0 0 0 0 0 0 0 0 0 0 0 0 1 0 0 0 0 1 0 0 0 0 0 0 0 0 0 1 0 0 0 0 0 0 0 0 0 0 0 0 1 1 0 0 0 0 0 0 0 0 0 0 0 0 0 0 0 1 0 0 0 0 0 0 0 0 0 1 0
39: 0 0 0 0 0 0 1 0 0 0 0 0 0 0 0 0 0 0 0 0 0 0 1 0 0 0 0 0 0 0 0 0 0 0 0 0 0 0 0 0 0 0 0 0 0 1 0 0 0 0 0 0 0 0 0 1 0 0 0 0 0 0 0 0 1 0 0 0 0 0 0 0 0 0 0 0 0 1 0 0 0 0 0 0 0 0 0 0 0 0 1 0 1 0 0 0 0 0 0 0
40: 0 0 0 0 0 0 1 0 0 0 0 0 0 0 0 0 0 0 0 0 0 0 0 0 1 0 1 0 0 0 0 0 0 0 0 0 0 0 0 0 0 0 0 0 0 0 0 0 0 0 0 0 0 1 0 0 0 0 0 1 0 0 0 0 0 0 0 0 0 0 0 0 0 0 0 0 0 0 0 0 0 1 0 0 0 0 0 0 0 0 0 0 0 1 0 0 0 0 0 0
41: 0 0 0 0 0 0 0 0 0 0 0 0 0 0 0 0 0 0 0 0 0 0 0 0 0 0 0 0 0 0 0 0 0 0 1 0 0 0 0 0 0 0 0 0 0 0 0 1 0 0 0 0 0 0 1 0 0 0 0 0 0 0 0 0 1 0 0 0 1 0 0 1 0 0 1 0 0 0 0 0 0 0 0 1 0 0 0 0 0 0 0 0 1 0 1 0 0 0 0 0
42: 0 0 0 1 0 1 0 0 0 0 0 0 0 0 0 0 0 0 1 0 0 0 0 0 0 0 1 0 0 0 0 1 0 0 0 0 0 0 0 0 1 0 0 0 0 0 1 0 0 1 0 0 0 0 0 0 0 0 0 0 0 0 0 0 1 0 0 0 0 0 0 0 0 0 0 0 0 0 0 0 0 0 0 0 1 0 0 0 0 0 0 1 0 0 0 0 1 0 0 0
43: 0 0 0 0 0 1 0 0 0 0 0 0 0 0 0 0 0 0 0 0 0 0 0 0 0 0 0 0 0 0 0 0 0 0 0 0 0 0 0 0 0 0 0 0 0 0 0 0 0 0 1 0 0 0 0 0 0 1 0 0 0 0 0 0 0 0 0 0 0 0 0 0 0 0 0 0 0 0 0 0 0 0 0 0 0 0 0 0 0 0 0 0 0 0 0 0 0 0 0 0
44: 0 0 1 0 0 0 0 0 0 0 0 0 1 0 0 0 0 0 0 0 0 0 0 0 0 0 0 0 0 0 0 1 0 0 0 0 0 0 0 1 0 1 1 0 0 0 0 1 1 0 1 1 0 0 0 0 0 0 0 0 0 0 0 0 0 0 0 0 1 0 0 0 0 0 0 1 0 0 0 0 0 0 0 1 0 0 0 0 0 0 0 0 0 0 1 0 0 1 0 0
45: 0 0 0 0 0 0 0 0 0 0 0 0 0 0 0 0 0 0 0 0 0 0 0 0 0 0 0 0 0 0 0 0 0 0 0 0 0 0 1 0 0 0 0 0 0 0 0 0 0 0 0 1 0 1 0 0 0 0 0 0 0 0 0 0 0 0 0 0 0 0 0 0 0 0 0 0 0 0 0 0 0 1 0 1 0 0 0 0 0 0 0 0 0 0 0 0 1 0 0 0
46: 0 0 0 0 0 0 0 0 0 0 0 0 0 0 0 0 0 1 0 0 0 0 0 0 0 0 0 0 0 0 0 0 0 0 0 0 0 0 0 1 0 0 0 0 0 0 1 0 0 0 0 0 0 0 0 0 0 0 0 0 0 0 0 0 1 0 0 0 1 0 0 0 0 0 0 0 0 0 0 0 0 0 0 0 0 0 0 0 0 0 0 0 0 0 0 0 0 0 0 0
47: 0 0 0 0 0 1 0 0 0 1 0 0 0 0 0 0 1 0 0 0 0 0 0 0 0 0 0 0 0 0 0 0 0 0 0 0 0 0 0 0 0 0 0 0 0 0 0 0 0 0 0 0 0 0 0 0 0 0 0 0 0 0 0 0 0 0 0 1 0 0 0 0 1 0 0 0 0 0 0 0 0 1 0 0 0 0 0 0 0 0 0 0 1 0 0 0 0 0 0 0
48: 0 0 0 0 0 1 0 0 0 0 0 0 0 0 0 0 0 0 0 0 0 0 0 0 0 1 1 0 0 0 1 0 0 0 0 0 0 0 0 0 0 1 0 0 0 0 0 0 0 0 0 0 0 0 0 0 0 0 0 0 0 0 0 0 0 0 1 1 0 0 0 0 0 0 0 0 0 0 0 0 0 0 0 0 0 0 1 0 0 0 0 0 0 0 0 0 0 0 0 0
49: 0 0 0 1 0 1 0 1 0 0 1 0 1 0 0 0 0 0 0 0 0 0 0 0 0 0 0 0 0 0 0 0 0 0 0 0 0 0 0 0 0 0 1 0 1 0 0 0 0 0 0 0 0 0 0 0 0 0 0 0 0 0 0 0 0 0 0 0 0 0 0 0 0 1 0 0 0 0 0 0 0 0 0 0 0 0 1 0 1 0 0 0 1 0 0 0 0 0 1 0

0: 0 1 1 2 1 2 2 1 1 1 2 2 1 1 2 1 2 1 1 2 1 1 1 1 1 1 2 2 2 1 2 2 2 1 2 1 2 2 1 2 1 1 2 1 1 1 1 2 2 2 1 2 2 2 2 2 1 1 2 1 2 1 2 2 2 2 1 1 1 2 1 1 1 2 2 2 1 1 2 2 1 2 1 2 1 1 1 2 2 1 1 1 1 2 1 1 1 2 2 2
1: 1 0 2 2 1 1 1 2 1 1 1 1 1 1 1 1 1 1 1 1 2 2 2 1 1 2 1 2 2 2 2 2 1 2 2 2 2 2 1 2 1 1 2 1 2 2 2 2 2 2 2 1 2 1 1 1 2 1 2 1 2 2 1 1 2 2 1 2 2 1 1 2 2 2 1 2 2 1 1 2 2 2 2 1 1 1 2 1 2 2 1 2 2 2 2 1 1 1 2 2
2: 1 2 0 1 2 1 2 2 1 1 1 1 1 1 1 1 1 1 1 2 2 2 1 1 2 1 2 2 1 2 1 2 1 2 1 2 2 1 1 2 2 2 2 2 1 1 1 1 1 2 2 2 2 2 2 2 1 1 1 2 1 1 2 1 2 1 1 2 1 1 2 2 2 2 2 2 2 1 1 2 2 1 1 2 1 1 1 2 2 1 1 1 2 2 1 2 2 2 1 1
3: 2 2 1 0 2 2 1 2 2 1 2 1 1 1 1 1 1 1 1 1 2 2 1 1 1 1 2 2 1 1 2 1 2 2 1 2 1 1 1 1 1 2 2 1 1 2 1 1 2 1 1 2 1 2 1 1 2 2 1 2 1 2 1 2 1 2 2 2 2 1 1 2 1 2 2 2 2 1 2 1 1 2 2 1 2 2 1 1 2 2 1 2 2 2 1 2 2 1 1 1
4: 1 1 2 2 0 2 2 1 1 1 1 1 2 1 2 2 2 1 1 1 1 2 1 2 1 1 1 1 1 1 1 2 2 2 2 2 2 1 1 1 1 2 1 1 1 1 1 1 2 2 1 2 1 1 2 2 2 1 2 2 2 1 2 1 1 2 1 2 2 1 2 2 1 1 2 2 2 2 2 1 1 2 2 1 1 2 1 2 2 1 1 1 2 1 1 2 2 2 1 2
5: 2 1 1 2 2 0 1 1 2 1 2 2 1 1 2 1 2 1 2 1 2 1 2 2 2 2 1 1 2 2 1 1 1 1 2 2 1 1 1 1 1 1 1 2 2 1 1 1 1 2 2 1 2 2 1 2 1 1 1 1 1 2 2 1 2 2 1 2 1 2 1 1 1 2 2 2 2 2 2 1 2 2 1 2 2 2 1 1 2 1 2 1 2 1 2 2 1 2 1 2
6: 2 1 2 1 2 1 0 2 1 2 1 2 1 1 2 2 2 2 2 2 2 2 1 1 1 1 1 2 1 2 1 1 2 2 2 2 1 2 2 2 2 1 1 2 2 1 1 2 1 1 2 2 2 2 2 2 1 1 1 1 2 1 1 2 1 2 2 2 2 1 1 1 2 1 1 2 2 2 1 1 1 2 2 2 1 1 2 2 1 2 2 2 1 1 2 1 1 1 1 1
7: 1 2 2 2 1 1 2 0 2 1 2 2 1 1 1 2 2 1 2 1 2 2 2 1 2 1 2 2 2 1 2 1 2 2 1 1 1 1 1 2 2 2 2 2 2 1 2 2 1 2 2 1 2 1 1 2 2 2 1 1 2 2 1 2 1 1 2 2 2 2 1 1 1 1 1 2 2 2 1 1 1 1 2 1 1 1 1 1 2 1 1 2 1 1 1 1 2 2 1 2
8: 1 1 1 2 1 2 1 2 0 1 1 1 2 1 2 2 2 2 2 2 1 2 2 1 2 1 2 2 2 2 2 2 2 2 1 1 1 1 1 2 1 1 2 2 2 1 1 2 2 2 2 1 1 1 1 1 2 1 1 1 1 1 1 1 1 1 1 1 1 1 2 1 1 2 2 1 2 1 2 2 1 2 2 1 2 2 2 1 2 1 1 2 2 1 2 2 2 1 1 1
9: 1 1 1 1 1 1 2 1 1 0 2 1 2 2 1 1 2 2 1 1 2 2 1 1 2 2 2 1 2 1 2 2 2 2 1 1 2 1 2 1 1 1 2 1 1 1 2 2 1 1 2 2 1 1 1 1 2 2 2 2 1 1 2 2 2 2 2 1 2 1 1 2 1 1 2 2 2 2 2 2 2 1 1 1 2 1 1 2 1 2 1 1 1 1 2 1 2 2 1 2
10: 2 1 1 2 1 2 1 2 1 2 0 1 1 1 2 1 1 1 2 1 1 2 1 2 1 2 1 2 1 2 1 1 1 2 2 2 1 1 1 1 1 2 2 1 2 1 1 1 1 2 1 1 1 2 2 1 1 2 2 2 2 1 2 1 2 2 1 2 2 2 2 2 2 2 1 1 2 2 2 2 1 1 2 2 2 1 2 1 2 1 2 2 2 1 2 2 2 1 1 2
11: 2 1 1 1 1 2 2 2 1 1 1 0 2 1 1 2 2 2 1 2 2 2 1 2 1 2 1 1 2 2 1 2 2 1 2 2 1 1 1 1 1 1 2 2 1 2 2 1 2 2 1 1 2 1 2 2 1 1 1 2 2 1 2 1 1 2 1 1 2 2 2 2 1 1 1 2 1 1 1 2 1 2 1 1 1 1 1 2 2 1 1 2 1 1 2 2 1 2 2 2
12: 1 1 1 1 2 1 1 1 2 2 1 2 0 2 1 2 1 2 2 1 1 1 1 2 1 1 2 2 2 2 1 2 1 2 1 1 1 1 2 2 2 2 2 2 2 2 1 2 1 2 1 2 1 1 2 1 1 1 1 2 2 2 2 1 2 1 1 1 1 2 1 2 1 1 1 1 1 1 1 2 1 1 2 1 2 2 1 1 2 1 2 2 2 2 1 2 2 1 1 2
13: 1 1 1 1 1 1 1 1 1 2 1 1 2 0 2 1 2 2 1 1 2 1 1 2 1 1 2 2 2 2 1 1 2 1 2 1 2 1 2 1 2 1 2 2 1 2 2 2 1 1 1 2 2 1 2 1 2 1 2 2 2 1 1 1 1 1 1 1 1 1 1 1 1 2 1 2 1 2 1 1 2 2 2 1 1 2 2 2 1 2 1 1 1 1 1 1 1 2 2 1
14: 2 1 1 1 2 2 2 1 2 1 2 1 1 2 0 1 1 2 1 2 1 2 2 2 2 1 2 2 2 2 2 2 2 1 2 2 1 1 2 1 2 2 1 2 1 2 1 2 2 2 2 1 1 2 2 1 2 2 1 2 2 1 1 1 1 2 2 2 2 1 2 1 2 1 1 1 2 1 1 2 2 2 1 1 1 1 2 2 1 2 2 1 2 1 1 2 2 1 1 2
15: 1 1 1 1 2 1 2 2 2 1 1 2 2 1 1 0 1 1 2 1 1 2 1 1 1 1 1 2 2 1 1 1 2 2 1 1 1 2 2 1 1 2 1 2 1 1 1 2 2 2 2 1 2 2 1 2 1 2 2 2 2 1 1 2 2 1 1 2 1 1 1 1 1 1 2 1 1 1 2 2 1 2 2 1 2 2 2 1 1 1 2 1 2 1 1 1 1 1 2 1
16: 2 1 1 1 2 2 2 2 2 2 1 2 1 2 1 1 0 1 2 1 1 1 1 2 1 2 2 1 2 2 1 1 2 1 2 2 2 1 1 2 2 2 1 1 2 1 1 1 1 2 2 2 1 1 2 2 1 2 1 2 2 1 1 2 1 2 2 1 1 2 2 1 2 2 2 2 2 2 2 2 1 2 2 1 2 2 1 2 1 2 2 2 1 1 2 1 1 1 2 2
17: 1 1 1 1 1 1 2 1 2 2 1 2 2 2 2 1 1 0 1 2 2 1 1 2 1 2 2 1 2 2 1 2 2 2 1 2 1 2 1 1 2 2 1 2 1 2 1 2 2 2 1 2 1 2 1 1 2 1 2 2 2 2 1 2 1 1 1 2 2 2 2 1 2 1 2 2 2 2 1 1 2 2 2 1 2 2 1 2 2 1 1 1 1 2 1 2 1 2 1 2
18: 1 1 1 1 1 2 2 2 2 1 2 1 2 1 1 2 2 1 0 2 2 2 1 1 2 1 2 1 1 2 2 1 2 2 2 1 1 1 2 2 2 1 2 2 1 2 1 2 1 2 2 2 1 1 1 2 2 1 1 2 1 1 2 2 2 1 2 2 1 2 1 1 1 1 1 1 1 1 2 2 2 1 2 1 2 2 2 1 2 2 2 1 1 2 2 1 1 2 1 2
19: 2 1 2 1 1 1 2 1 2 1 1 2 1 1 2 1 1 2 2 0 1 1 2 1 2 1 1 2 1 2 2 2 1 1 2 2 1 2 1 1 2 2 2 2 2 1 2 2 2 2 1 2 1 1 1 1 1 1 2 2 1 1 1 2 1 1 1 2 2 1 1 2 1 1 2 1 1 2 1 2 1 2 1 2 2 1 1 2 1 2 1 2 1 2 2 1 1 2 1 2
20: 1 2 2 2 1 2 2 2 1 2 1 2 1 2 1 1 1 2 2 1 0 2 1 2 1 1 1 1 2 1 1 1 1 2 1 2 1 2 2 1 1 2 1 2 1 1 1 2 1 2 1 2 1 1 1 2 1 2 2 1 1 1 2 2 2 2 1 2 2 1 1 2 2 1 2 2 2 1 1 2 2 1 2 2 2 1 1 2 1 2 2 1 2 1 1 2 2 1 2 1
21: 1 2 2 2 2 1 2 2 2 2 2 2 1 1 2 2 1 1 2 1 2 0 1 2 2 1 1 1 2 1 1 1 1 2 1 2 2 2 2 2 1 1 1 1 1 1 2 1 2 2 1 2 2 2 2 1 2 1 2 2 1 1 2 2 1 1 1 2 2 1 1 1 2 2 1 1 2 1 2 2 1 1 2 1 1 1 1 2 1 1 1 2 1 1 2 2 1 2 2 1
22: 1 2 1 1 1 2 1 2 2 1 1 1 1 1 2 1 1 1 1 2 1 1 0 2 2 2 1 2 1 1 1 2 1 2 1 1 1 2 2 2 1 2 1 2 2 1 2 1 2 1 2 1 1 2 2 1 1 1 2 2 1 1 1 2 2 1 2 2 2 2 2 2 2 2 1 2 1 1 2 2 1 2 2 2 2 1 2 1 1 2 2 2 1 1 1 2 1 1 2 2
23: 1 1 1 1 2 2 1 1 1 1 2 2 2 2 2 1 2 2 1 1 2 2 2 0 1 2 1 1 2 1 2 2 2 2 2 2 1 1 1 2 1 1 2 2 1 2 2 2 2 2 2 1 1 2 2 1 1 2 1 1 1 2 2 2 1 2 2 1 1 2 2 2 2 1 1 2 1 2 2 1 2 1 2 1 2 1 1 1 1 2 2 2 2 2 1 2 2 2 2 2
24: 1 1 2 1 1 2 1 2 2 2 1 1 1 1 2 1 1 1 2 2 1 2 2 1 0 2 2 1 2 2 1 2 1 1 1 1 1 2 2 1 1 2 1 1 2 1 2 1 1 2 1 1 1 1 1 2 1 2 1 1 1 2 2 1 1 1 2 2 1 1 2 2 1 2 2 2 2 2 2 1 1 1 1 1 1 1 1 1 1 2 1 1 2 2 1 2 2 1 1 2
25: 1 2 1 1 1 2 1 1 1 2 2 2 1 1 1 1 2 2 1 1 1 1 2 2 2 0 1 1 1 2 2 2 2 2 2 2 1 1 2 1 1 1 1 1 2 2 2 1 2 2 2 1 2 1 2 2 1 1 2 1 1 1 1 1 1 2 2 1 1 2 1 2 2 1 2 1 2 1 2 1 1 2 1 2 1 2 2 1 1 1 2 1 1 2 1 1 1 2 2 2
26: 2 1 2 2 1 1 1 2 2 2 1 1 2 2 2 1 2 2 2 1 1 1 1 1 2 1 0 1 1 1 1 2 1 1 1 1 2 2 2 1 2 2 1 2 1 1 1 1 2 1 1 1 2 2 1 2 1 2 2 2 2 2 2 2 1 1 2 1 2 2 1 2 2 2 2 1 2 2 1 2 2 1 2 1 1 2 1 2 1 1 1 2 2 1 2 1 2 2 2 1
27: 2 2 2 2 1 1 2 2 2 1 2 1 2 2 2 2 1 1 1 2 1 1 2 1 1 1 1 0 2 2 2 1 2 2 1 2 1 2 2 1 1 1 2 1 2 1 1 2 1 2 1 1 2 1 2 1 2 2 1 2 2 1 2 2 2 2 2 2 1 1 1 2 1 2 1 1 1 2 1 2 1 1 1 1 1 2 1 2 2 2 1 1 1 1 1 1 2 1 1 1
28: 2 2 1 1 1 2 1 2 2 2 1 2 2 2 2 2 2 2 1 1 2 2 1 2 2 1 1 2 0 2 2 2 1 2 2 2 1 1 2 1 2 2 2 2 1 2 2 2 2 2 1 1 2 1 1 1 1 1 1 2 1 2 2 2 2 1 2 2 2 2 1 2 1 2 2 2 1 1 1 2 1 2 1 1 1 1 1 1 1 2 2 2 1 1 1 1 2 1 1 2
29: 1 2 2 1 1 2 2 1 2 1 2 2 2 2 2 1 2 2 2 2 1 1 1 1 2 2 1 2 2 0 2 2 2 1 1 2 2 2 2 1 2 1 1 2 1 1 1 2 1 1 1 2 1 2 2 2 2 2 2 1 2 2 1 2 1 1 2 2 2 1 2 1 2 1 2 1 1 2 2 2 1 2 1 1 2 2 2 2 1 2 2 2 2 2 1 2 2 2 2 2
30: 2 2 1 2 1 1 1 2 2 2 1 1 1 1 2 1 1 1 2 2 1 1 1 2 1 2 1 2 2 2 0 1 2 1 1 2 2 1 1 1 2 1 1 1 2 1 2 1 2 1 2 1 1 1 1 1 1 2 2 2 2 2 2 2 2 1 1 2 1 2 1 1 1 1 1 1 1 1 2 2 1 1 2 2 2 1 2 2 2 2 2 2 2 1 2 1 1 2 2 2
31: 2 2 2 1 2 1 1 1 2 2 1 2 2 1 2 1 1 2 1 2 1 1 2 2 2 2 2 1 2 2 1 0 2 1 1 1 2 2 1 1 2 1 2 2 2 2 2 1 1 1 1 2 1 2 1 2 2 2 2 1 2 2 1 2 2 1 1 1 2 1 2 2 2 1 2 1 2 2 2 1 1 2 2 2 1 1 2 1 2 1 2 1 2 1 2 1 2 1 2 2
32: 2 1 1 2 2 1 2 2 2 2 1 2 1 2 2 2 2 2 2 1 1 1 1 2 1 2 1 2 1 2 2 2 0 2 1 1 1 1 1 2 1 2 1 1 1 1 1 2 2 1 2 1 2 2 2 2 2 2 2 2 2 1 2 2 2 2 2 2 1 1 2 2 2 2 1 1 2 1 1 2 2 1 1 1 2 1 2 2 2 1 1 2 2 2 2 1 2 1 2 1
33: 1 2 2 2 2 1 2 2 2 2 2 1 2 1 1 2 1 2 2 1 2 2 2 2 1 2 1 2 2 1 1 1 2 0 1 1 2 2 1 1 2 1 2 1 2 2 1 2 1 2 2 2 1 1 1 1 1 1 1 1 1 1 2 2 2 1 1 1 1 2 1 1 2 2 1 2 2 2 2 2 2 1 2 2 1 1 2 1 2 1 2 1 2 1 2 2 2 1 1 1
34: 2 2 1 1 2 2 2 1 1 1 2 2 1 2 2 1 2 1 2 2 1 1 1 2 1 2 1 1 2 1 1 1 1 1 0 1 1 2 1 2 1 2 2 2 1 2 2 2 2 2 1 1 2 2 1 1 1 2 1 1 1 1 1 2 2 1 2 2 2 2 2 1 2 2 2 2 1 1 1 1 2 2 2 2 1 1 1 2 1 1 1 1 1 1 1 2 1 2 1 1
35: 1 2 2 2 2 2 2 1 1 1 2 2 1 1 2 1 2 2 1 2 2 2 1 2 1 2 1 2 2 2 2 1 1 1 1 0 1 1 2 2 2 2 2 2 1 2 1 2 2 2 1 2 2 2 2 2 1 2 1 1 2 2 2 2 1 2 1 1 2 2 2 2 1 1 1 1 2 2 1 1 2 1 1 1 2 1 1 1 1 2 1 2 2 2 1 1 1 1 2 1
36: 2 2 2 1 2 1 1 1 1 2 1 1 1 2 1 1 2 1 1 1 1 2 1 1 1 1 2 1 1 2 2 2 1 2 1 1 0 1 1 1 2 2 2 2 2 1 2 2 2 1 1 2 1 1 2 1 1 2 2 1 2 2 2 2 2 2 1 1 1 1 1 1 2 1 2 2 2 2 1 1 2 1 2 2 1 1 2 1 2 1 1 2 2 1 2 2 1 2 2 2
37: 2 2 1 1 1 1 2 1 1 1 1 1 1 1 1 2 1 2 1 2 2 2 2 1 2 1 2 2 1 2 1 2 1 2 2 1 1 0 2 1 1 1 1 2 1 2 2 2 1 2 2 1 2 2 2 2 1 2 1 1 2 2 2 1 2 2 2 2 2 2 2 2 2 1 2 1 1 1 1 1 1 2 2 2 1 2 1 2 1 2 2 2 1 1 1 2 1 2 2 1
38: 1 1 1 1 1 1 2 1 1 2 1 1 2 2 2 2 1 1 2 1 2 2 2 1 2 2 2 2 2 2 1 1 1 1 1 2 1 2 0 2 2 1 2 1 2 1 2 2 2 2 2 2 2 1 2 2 2 1 2 1 2 2 2 2 2 2 2 2 1 2 2 1 2 1 1 2 2 1 1 1 2 2 1 2 1 1 2 1 2 1 2 2 1 2 1 2 2 1 2 1
39: 2 2 2 1 1 1 2 2 2 1 1 1 2 1 1 1 2 1 2 1 1 2 2 2 1 1 1 1 1 1 1 1 2 1 2 2 1 1 2 0 2 1 1 1 1 2 2 1 2 2 1 2 2 2 1 2 2 1 2 2 2 1 1 2 1 1 2 1 1 2 1 2 1 1 2 2 2 2 1 1 2 1 2 2 2 2 1 2 1 2 2 1 2 2 2 2 2 2 1 2
40: 1 1 2 1 1 1 2 2 1 1 1 1 2 2 2 1 2 2 2 2 1 1 1 1 1 1 2 1 2 2 2 2 1 2 1 2 2 1 2 2 0 1 2 1 1 1 2 2 1 2 2 2 1 1 1 1 2 1 2 1 1 2 1 1 2 2 1 1 2 1 1 1 2 1 2 2 2 2 2 1 2 2 2 2 1 2 2 1 2 2 2 1 1 2 2 2 2 1 2 2
41: 1 1 2 2 2 1 1 2 1 1 2 1 2 1 2 2 2 2 1 2 2 1 2 1 2 1 2 1 2 1 1 1 2 1 2 2 2 1 1 1 1 0 1 2 2 2 2 2 1 1 2 1 1 2 1 2 1 2 1 1 2 2 1 1 2 1 2 2 2 2 2 1 2 1 1 1 2 1 2 2 1 2 2 2 2 1 1 2 2 1 1 2 1 2 2 1 2 1 2 1
42: 2 2 2 2 1 1 1 2 2 2 2 2 2 2 1 1 1 1 2 2 1 1 1 2 1 1 1 2 2 1 1 2 1 2 2 2 2 1 2 1 2 1 0 2 2 2 2 1 1 2 1 1 2 2 2 2 2 2 2 2 1 2 2 1 1 1 1 1 1 2 1 1 1 1 1 2 2 2 2 1 1 2 1 1 2 2 2 2 1 2 2 1 1 1 1 1 2 1 2 1
43: 1 1 2 1 1 2 2 2 2 1 1 2 2 2 2 2 1 2 2 2 2 1 2 2 1 1 2 1 2 2 1 2 1 1 2 2 2 2 1 1 1 2 2 0 1 1 1 1 1 2 1 1 1 1 1 1 1 1 1 1 2 1 1 1 1 1 1 2 2 2 2 1 1 2 1 2 1 2 1 1 2 1 2 2 1 1 2 1 1 1 1 1 2 2 2 1 1 1 2 1
44: 1 2 1 1 1 2 2 2 2 1 2 1 2 1 1 1 2 1 1 2 1 1 2 1 2 2 1 2 1 1 2 2 1 2 1 1 2 1 2 1 1 2 2 1 0 1 1 1 2 2 1 1 2 2 1 2 2 1 2 1 1 2 1 2 1 1 1 1 1 2 1 2 2 2 1 1 2 2 1 2 2 2 2 1 1 2 2 2 1 2 2 1 1 1 2 1 2 2 1 2
45: 1 2 1 2 1 1 1 1 1 1 1 2 2 2 2 1 1 2 2 1 1 1 1 2 1 2 1 1 2 1 1 2 1 2 2 2 1 2 1 2 1 2 2 1 1 0 2 1 2 1 1 2 2 2 2 2 2 1 1 1 1 2 2 2 1 1 1 2 2 1 2 1 1 1 1 2 1 2 2 2 1 2 1 2 1 2 2 1 1 2 2 1 1 1 2 2 1 1 2 1
46: 1 2 1 1 1 1 1 2 1 2 1 2 1 2 1 1 1 1 1 2 1 2 2 2 2 2 1 1 2 1 2 2 1 1 2 1 2 2 2 2 2 2 2 1 1 2 0 1 1 1 1 2 1 2 2 2 1 2 1 1 2 2 1 1 2 1 2 1 1 2 2 2 1 2 1 2 2 2 2 1 2 2 2 1 1 1 2 1 1 2 2 2 2 2 1 2 2 1 2 2
47: 2 2 1 1 1 1 2 2 2 2 1 1 2 2 2 2 1 2 2 2 2 1 1 2 1 1 1 2 2 2 1 1 2 2 2 2 2 2 2 1 2 2 1 1 1 1 1 0 1 1 2 2 1 2 2 2 1 1 2 2 1 1 1 2 2 1 2 1 1 2 2 2 2 2 1 2 2 1 2 1 1 1 1 1 2 2 1 1 2 1 2 2 2 2 1 1 2 1 2 1
48: 2 2 1 2 2 1 1 1 2 1 1 2 1 1 2 2 1 2 1 2 1 2 2 2 1 2 2 1 2 1 2 1 2 1 2 2 2 1 2 2 1 1 1 1 2 2 1 1 0 1 2 2 1 1 1 1 1 2 1 2 2 2 1 1 1 1 1 2 1 2 2 1 1 2 2 1 1 2 1 1 2 2 1 1 2 1 1 1 2 1 2 2 1 2 2 1 1 1 1 1
49: 2 2 2 1 2 2 1 2 2 1 2 2 2 1 2 2 2 2 2 2 2 2 1 2 2 2 1 2 2 1 1 1 1 2 2 2 1 2 2 2 2 1 2 2 2 1 1 1 1 0 2 2 2 1 1 1 1 2 2 1 2 1 2 2 1 2 2 1 2 1 1 1 1 2 2 2 1 2 2 1 1 2 2 2 2 2 2 1 1 1 1 1 1 1 1 2 2 1 2 1
50: 1 2 2 1 1 2 2 2 2 2 1 1 1 1 2 2 2 1 2 1 1 1 2 2 1 2 1 1 1 1 2 1 2 2 1 1 1 2 2 1 2 2 1 1 1 1 1 2 2 2 0 2 1 1 1 2 1 1 2 1 1 2 2 1 1 1 2 2 2 2 2 2 2 1 2 1 1 1 2 1 2 2 2 2 2 1 1 1 1 1 2 1 2 1 1 1 2 1 1 2
51: 2 1 2 2 2 1 2 1 1 2 1 1 2 2 1 1 2 2 2 2 2 2 1 1 1 1 1 1 1 2 1 2 1 2 1 2 2 1 2 2 2 1 1 1 1 2 2 2 2 2 2 0 2 1 1 2 2 2 1 2 2 1 1 2 2 2 1 2 2 2 1 2 2 2 2 1 1 1 2 2 1 1 2 1 1 2 2 1 1 1 2 1 2 1 1 1 1 2 2 2
52: 2 2 2 1 1 2 2 2 1 1 1 2 1 2 1 2 1 1 1 1 1 2 1 1 1 2 2 2 2 1 1 1 2 1 2 2 1 2 2 2 1 1 2 1 2 2 1 1 1 2 1 2 0 1 1 2 1 1 1 1 1 2 2 1 2 2 2 1 1 1 2 1 2 1 1 1 2 2 1 2 1 1 1 2 2 1 2 2 1 1 2 2 2 1 1 2 1 2 1 1
53: 2 1 2 2 1 2 2 1 1 1 2 1 1 1 2 2 1 2 1 1 1 2 2 2 1 1 2 1 1 2 1 2 2 1 2 2 1 2 1 2 1 2 2 1 2 2 2 2 1 1 1 1 1 0 1 1 1 1 1 1 1 1 2 1 1 1 2 2 2 1 1 2 1 1 2 2 1 1 2 2 2 1 2 2 1 1 2 1 2 1 1 2 2 2 2 1 2 1 1 1
54: 2 1 2 1 2 1 2 1 1 1 2 2 2 2 2 1 2 1 1 1 1 2 2 2 1 2 1 2 1 2 1 1 2 1 1 2 2 2 2 1 1 1 2 1 1 2 2 2 1 1 1 1 1 1 0 1 1 2 2 1 1 2 1 1 1 1 2 2 1 1 1 1 2 1 1 2 2 2 1 1 2 2 2 1 2 1 2 2 1 2 1 1 2 1 2 2 2 2 1 1
55: 2 1 2 1 2 2 2 2 1 1 1 2 1 1 1 2 2 1 2 1 2 1 1 1 2 2 2 1 1 2 1 2 2 1 1 2 1 2 2 2 1 2 2 1 2 2 2 2 1 1 2 2 2 1 1 0 1 1 2 2 1 2 2 2 1 2 1 2 1 2 2 2 2 1 2 1 1 2 2 1 2 2 2 2 2 1 1 1 2 1 1 1 1 1 1 2 1 2 1 2
56: 1 2 1 2 2 1 1 2 2 2 1 1 1 2 2 1 1 2 2 1 1 2 1 1 1 1 1 2 1 2 1 2 2 1 1 1 1 1 2 2 2 1 2 1 2 2 1 1 1 1 1 2 1 1 1 1 0 1 1 1 1 1 1 2 2 2 1 1 2 1 1 2 2 2 2 1 2 2 1 2 2 2 1 2 2 1 2 1 1 2 1 2 1 2 1 1 1 1 2 1
57: 1 1 1 2 1 1 1 2 1 2 2 1 1 1 2 2 2 1 1 1 2 1 1 2 2 1 2 2 1 2 2 2 2 1 2 2 2 2 1 1 1 2 2 1 1 1 2 1 2 2 1 2 1 1 2 1 1 0 2 2 2 2 2 2 1 2 1 2 2 2 2 1 2 2 1 2 1 1 1 2 1 1 2 2 1 1 2 1 1 1 2 1 1 1 2 2 2 2 2 2
58: 2 2 1 1 2 1 1 1 1 2 2 1 1 2 1 2 1 2 1 2 2 2 2 1 1 2 2 1 1 2 2 2 2 1 1 1 2 1 2 2 2 1 2 1 2 1 1 2 1 2 2 1 1 1 2 2 1 2 0 2 1 2 2 2 2 2 1 2 1 1 2 1 2 1 1 1 2 2 2 2 1 1 1 2 2 1 2 1 2 2 2 2 1 1 2 2 1 1 2 2
59: 1 1 2 2 2 1 1 1 1 2 2 2 2 2 2 2 2 2 2 2 1 2 2 1 1 1 2 2 2 1 2 1 2 1 1 1 1 1 1 2 1 1 2 1 1 1 1 2 2 1 1 2 1 1 1 2 1 2 2 0 2 1 2 1 1 2 2 2 2 2 1 1 1 2 1 1 2 2 1 2 2 2 2 1 2 1 1 1 1 2 2 2 1 2 1 1 1 2 1 1
60: 2 2 1 1 2 1 2 2 1 1 2 2 2 2 2 2 2 2 1 1 1 1 1 1 1 1 2 2 1 2 2 2 2 1 1 2 2 2 2 2 1 2 1 2 1 1 2 1 2 2 1 2 1 1 1 1 1 2 1 2 0 2 2 2 1 2 2 2 1 2 1 2 2 1 2 2 2 1 1 1 1 1 2 2 2 2 2 1 1 2 1 2 1 2 2 2 2 1 2 2
61: 1 2 1 2 1 2 1 2 1 1 1 1 2 1 1 1 1 2 1 1 1 1 1 2 2 1 2 1 2 2 2 2 1 1 1 2 2 2 2 1 2 2 2 1 2 2 2 1 2 1 2 1 2 1 2 2 1 2 2 1 2 0 1 1 1 1 2 2 2 1 2 1 1 2 1 1 1 2 2 1 2 2 1 2 1 2 2 2 1 1 1 2 2 2 2 1 2 2 1 1
62: 2 1 2 1 2 2 1 1 1 2 2 2 2 1 1 1 1 1 2 1 2 2 1 2 2 1 2 2 2 1 2 1 2 2 1 2 2 2 2 1 1 1 2 1 1 2 1 1 1 2 2 1 2 2 1 2 1 2 2 2 2 1 0 1 1 2 2 2 2 1 1 1 1 1 1 2 1 1 1 1 2 1 1 2 1 2 1 1 1 1 2 1 2 1 1 1 1 2 2 2
63: 2 1 1 2 1 1 2 2 1 2 1 1 1 1 1 2 2 2 2 2 2 2 2 2 1 1 2 2 2 2 2 2 2 2 2 2 2 1 2 2 1 1 1 1 2 2 1 2 1 2 1 2 1 1 1 2 2 2 2 1 2 1 1 0 2 2 2 2 1 1 2 1 1 2 1 2 2 1 1 1 2 2 2 2 1 2 2 2 2 1 1 2 1 1 1 2 2 1 1 1
64: 2 2 2 1 1 2 1 1 1 2 2 1 2 1 1 2 1 1 2 1 2 1 2 1 1 1 1 2 2 1 2 2 2 2 2 1 2 2 2 1 2 2 1 1 1 1 2 2 1 1 1 2 2 1 1 1 2 1 2 1 1 1 1 2 0 1 2 2 2 1 2 1 1 1 1 1 2 1 2 2 1 2 1 1 2 1 1 2 1 1 2 1 2 2 2 1 1 2 2 2
65: 2 2 1 2 2 2 2 1 1 2 2 2 1 1 2 1 2 1 1 1 2 1 1 2 1 2 1 2 1 1 1 1 2 1 1 2 2 2 2 1 2 1 1 1 1 1 1 1 1 2 1 2 2 1 1 2 2 2 2 2 2 1 2 2 1 0 2 2 2 2 2 1 1 1 2 1 2 1 2 2 1 1 1 2 2 2 2 1 1 1 2 2 2 2 1 1 1 2 2 2
66: 1 1 1 2 1 1 2 2 1 2 1 1 1 1 2 1 2 1 2 1 1 1 2 2 2 2 2 2 2 2 1 1 2 1 2 1 1 2 2 2 1 2 1 1 1 1 2 2 1 2 2 1 2 2 2 1 1 1 1 2 2 2 2 2 2 2 0 2 2 1 2 1 1 1 1 2 1 1 1 1 2 2 1 1 1 2 2 2 2 2 1 2 2 1 2 1 2 2 1 2
67: 1 2 2 2 2 2 2 2 1 1 2 1 1 1 2 2 1 2 2 2 2 2 2 1 2 1 1 2 2 2 2 1 2 1 2 1 1 2 2 1 1 2 1 2 1 2 1 1 2 1 2 2 1 2 2 2 1 2 2 2 2 2 2 2 2 2 2 0 2 1 2 2 2 1 2 1 1 2 1 1 2 1 2 1 1 2 2 1 1 1 2 1 1 1 1 1 1 1 2 2
68: 1 2 1 2 2 1 2 2 1 2 2 2 1 1 2 1 1 2 1 2 2 2 2 1 1 1 2 1 2 2 1 2 1 1 2 2 1 2 1 1 2 2 1 2 1 2 1 1 1 2 2 2 1 2 1 1 2 2 1 2 1 2 2 1 2 2 2 2 0 1 1 2 1 1 1 2 2 2 1 1 1 1 1 2 1 2 1 1 1 1 1 2 2 1 2 2 1 2 1 2
69: 2 1 1 1 1 2 1 2 1 1 2 2 2 1 1 1 2 2 2 1 1 1 2 2 1 2 2 1 2 1 2 1 1 2 2 2 1 2 2 2 1 2 2 2 2 1 2 2 2 1 2 2 1 1 1 2 1 2 1 2 2 1 1 1 1 2 1 1 1 0 2 2 1 2 1 2 1 1 2 2 2 1 2 2 1 1 1 1 2 1 2 2 2 1 2 2 1 2 2 2
70: 1 1 2 1 2 1 1 1 2 1 2 2 1 1 2 1 2 2 1 1 1 1 2 2 2 1 1 1 1 2 1 2 2 1 2 2 1 2 2 1 1 2 1 2 1 2 2 2 2 1 2 1 2 1 1 2 1 2 2 1 1 2 1 2 2 2 2 2 1 2 0 1 1 1 1 2 1 2 1 1 2 2 1 2 2 2 1 1 2 2 1 1 1 1 2 2 1 1 2 1
71: 1 2 2 2 2 1 1 1 1 2 2 2 2 1 1 1 1 1 1 2 2 1 2 2 2 2 2 2 2 1 1 2 2 1 1 2 1 2 1 2 1 1 1 1 2 1 2 2 1 1 2 2 1 2 1 2 2 1 1 1 2 1 1 1 1 1 1 2 2 2 1 0 2 2 2 2 1 1 2 1 2 2 2 1 1 1 2 2 2 1 2 1 1 1 1 1 2 1 2 2
72: 1 2 2 1 1 1 2 1 1 1 2 1 1 1 2 1 2 2 1 1 2 2 2 2 1 2 2 1 1 2 1 2 2 2 2 1 2 2 2 1 2 2 1 1 2 1 1 2 1 1 2 2 2 1 2 2 2 2 2 1 2 1 1 1 1 1 1 2 1 1 1 2 0 2 2 2 1 1 2 2 2 1 1 1 2 2 2 2 1 2 1 1 1 2 2 2 2 1 1 1
73: 2 2 2 2 1 2 1 1 2 1 2 1 1 2 1 1 2 1 1 1 1 2 2 1 2 1 2 2 2 1 1 1 2 2 2 1 1 1 1 1 1 1 1 2 2 1 2 2 2 2 1 2 1 1 1 1 2 2 1 2 1 2 1 2 1 1 1 1 1 2 1 2 2 0 2 2 2 2 1 1 2 1 2 2 2 2 2 1 1 1 1 1 2 2 2 1 1 2 2 1
74: 2 1 2 2 2 2 1 1 2 2 1 1 1 1 1 2 2 2 1 2 2 1 1 1 2 2 2 1 2 2 1 2 1 1 2 1 2 2 1 2 2 1 1 1 1 1 1 1 2 2 2 2 1 2 1 2 2 1 1 1 2 1 1 1 1 2 1 2 1 1 1 2 2 2 0 1 2 2 1 1 2 2 1 2 2 2 1 2 1 1 2 2 1 1 1 1 1 2 1 2
75: 2 2 2 2 2 2 2 2 1 2 1 2 1 2 1 1 2 2 1 1 2 1 2 2 2 1 1 1 2 1 1 1 1 2 2 1 2 1 2 2 2 1 2 2 1 2 2 2 1 2 1 1 1 2 2 1 1 2 1 1 2 1 2 2 1 1 2 1 2 2 2 2 2 2 1 0 2 2 1 1 2 2 1 1 2 1 1 2 2 2 1 2 2 2 1 2 2 1 2 2
76: 1 2 2 2 2 2 2 2 2 2 2 1 1 1 2 1 2 2 1 1 2 2 1 1 2 2 2 1 1 1 1 2 2 2 1 2 2 1 2 2 2 2 2 1 2 1 2 2 1 1 1 1 2 1 2 1 2 1 2 2 2 1 1 2 2 2 1 1 2 1 1 1 1 2 2 2 0 2 1 2 2 1 1 2 1 1 2 2 2 2 1 1 2 1 2 1 1 1 1 1
77: 1 1 1 1 2 2 2 2 1 2 2 1 1 2 1 1 2 2 1 2 1 1 1 2 2 1 2 2 1 2 1 2 1 2 1 2 2 1 1 2 2 1 2 2 2 2 2 1 2 2 1 1 2 1 2 2 2 1 2 2 1 2 1 1 1 1 1 2 2 1 2 1 1 2 2 2 2 0 1 1 1 1 2 1 2 2 2 2 1 1 2 1 1 1 2 1 2 1 2 2
78: 2 1 1 2 2 2 1 1 2 2 2 1 1 1 1 2 2 1 2 1 1 2 2 2 2 2 1 1 1 2 2 2 1 2 1 1 1 1 1 1 2 2 2 1 1 2 2 2 1 2 2 2 1 2 1 2 1 1 2 1 1 2 1 1 2 2 1 1 1 2 1 2 2 1 1 1 1 1 0 1 1 2 2 1 2 1 2 1 2 2 2 1 1 1 1 2 2 1 2 2
79: 2 2 2 1 1 1 1 1 2 2 2 2 2 1 2 2 2 1 2 2 2 2 2 1 1 1 2 2 2 2 2 1 2 2 1 1 1 1 1 1 1 2 1 1 2 2 1 1 1 1 1 2 2 2 1 1 2 2 2 2 1 1 1 1 2 2 1 1 1 2 1 1 2 1 1 1 2 1 1 0 1 2 1 1 1 1 2 1 1 1 2 1 1 1 2 1 2 1 2 1
80: 1 2 2 1 1 2 1 1 1 2 1 1 1 2 2 1 1 2 2 1 2 1 1 2 1 1 2 1 1 1 1 1 2 2 2 2 2 1 2 2 2 1 1 2 2 1 2 1 2 1 2 1 1 2 2 2 2 1 1 2 1 2 2 2 1 1 2 2 1 2 2 2 2 2 2 2 2 1 1 1 0 2 1 1 2 1 1 2 1 1 2 2 2 1 1 2 2 2 1 2
81: 2 2 1 2 2 2 2 1 2 1 1 2 1 2 2 2 2 2 1 2 1 1 2 1 1 2 1 1 2 2 1 2 1 1 2 1 1 2 2 1 2 2 2 1 2 2 2 1 2 2 2 1 1 1 2 2 2 1 1 2 1 2 1 2 2 1 2 1 1 1 2 2 1 1 2 2 1 1 2 2 2 0 1 1 2 1 1 2 2 2 1 1 1 2 1 2 2 1 1 1
82: 1 2 1 2 2 1 2 2 2 1 2 1 2 2 1 2 2 2 2 1 2 2 2 2 1 1 2 1 1 1 2 2 1 2 2 1 2 2 1 2 2 2 1 2 2 1 2 1 1 2 2 2 1 2 2 2 1 2 1 2 2 1 1 2 1 1 1 2 1 2 1 2 1 2 1 1 1 2 2 1 1 1 0 2 2 1 1 2 2 2 1 1 1 1 1 2 2 2 2 1
83: 2 1 2 1 1 2 2 1 1 1 2 1 1 1 1 1 1 1 1 2 2 1 2 1 1 2 1 1 1 1 2 2 1 2 2 1 2 2 2 2 2 2 1 2 1 2 1 1 1 2 2 1 2 2 1 2 2 2 2 1 2 2 2 2 1 2 1 1 2 2 2 1 1 2 2 1 2 1 1 1 1 1 2 0 2 2 1 2 1 1 1 1 2 1 2 1 1 2 2 1
84: 1 1 1 2 1 2 1 1 2 2 2 1 2 1 1 2 2 2 2 2 2 1 2 2 1 1 1 1 1 2 2 1 2 1 1 2 1 1 1 2 1 2 2 1 1 1 1 2 2 2 2 1 2 1 2 2 2 1 2 2 2 1 1 1 2 2 1 1 1 1 2 1 2 2 2 2 1 2 2 1 2 2 2 2 0 2 1 1 1 2 1 1 1 2 2 1 1 1 1 2
85: 1 1 1 2 2 2 1 1 2 1 1 1 2 2 1 2 2 2 2 1 1 1 1 1 1 2 2 2 1 2 1 1 1 1 1 1 1 2 1 2 2 1 2 1 2 2 1 2 1 2 1 2 1 1 1 1 1 1 1 1 2 2 2 2 1 2 2 2 2 1 2 1 2 2 2 1 1 2 1 1 1 1 1 2 2 0 1 1 1 2 1 2 2 1 2 1 2 2 2 2
86: 1 2 1 1 1 1 2 1 2 1 2 1 1 2 2 2 1 1 2 1 1 1 2 1 1 2 1 1 1 2 2 2 2 2 1 1 2 1 2 1 2 1 2 2 2 2 2 1 1 2 1 2 2 2 2 1 2 2 2 1 2 2 1 2 1 2 2 2 1 1 1 2 2 2 1 1 2 2 2 2 1 1 1 1 1 1 0 2 2 1 2 1 2 1 1 1 2 1 2 2
87: 2 1 2 1 2 1 2 1 1 2 1 2 1 2 2 1 2 2 1 2 2 2 1 1 1 1 2 2 1 2 2 1 2 1 2 1 1 2 1 2 1 2 2 1 2 1 1 1 1 1 1 1 2 1 2 1 1 1 1 1 1 2 1 2 2 1 2 1 1 1 1 2 2 1 2 2 2 2 1 1 2 2 2 2 1 1 2 0 2 1 2 2 1 2 2 1 2 2 1 1
88: 2 2 2 2 2 2 1 2 2 1 2 2 2 1 1 1 1 2 2 1 1 1 1 1 1 1 1 2 1 1 2 2 2 2 1 1 2 1 2 1 2 2 1 1 1 1 1 2 2 1 1 1 1 2 1 2 1 1 2 1 1 1 1 2 1 1 2 1 1 2 2 2 1 1 1 2 2 1 2 1 1 2 2 1 1 1 2 2 0 2 2 1 2 2 2 1 1 2 1 2
89: 1 2 1 2 1 1 2 1 1 2 1 1 1 2 2 1 2 1 2 2 2 1 2 2 2 1 1 2 2 2 2 1 1 1 1 2 1 2 1 2 2 1 2 1 2 2 2 1 1 1 1 1 1 1 2 1 2 1 2 2 2 1 1 1 1 1 2 1 1 1 2 1 2 1 1 2 2 1 2 1 1 2 2 1 2 2 1 1 2 0 1 2 2 2 1 2 2 1 1 2
90: 1 1 1 1 1 2 2 1 1 1 2 1 2 1 2 2 2 1 2 1 2 1 2 2 1 2 1 1 2 2 2 2 1 2 1 1 1 2 2 2 2 1 2 1 2 2 2 2 2 1 2 2 2 1 1 1 1 2 2 2 1 1 2 1 2 2 1 2 1 2 1 2 1 1 2 1 1 2 2 2 2 1 1 1 1 1 2 2 2 1 0 1 1 2 1 1 1 2 2 2
91: 1 2 1 2 1 1 2 2 2 1 2 2 2 1 1 1 2 1 1 2 1 2 2 2 1 1 2 1 2 2 2 1 2 1 1 2 2 2 2 1 1 2 1 1 1 1 2 2 2 1 1 1 2 2 1 1 2 1 2 2 2 2 1 2 1 2 2 1 2 2 1 1 1 1 2 2 1 1 1 1 2 1 1 1 1 2 1 2 1 2 1 0 2 1 1 1 1 2 2 2
92: 1 2 2 2 2 2 1 1 2 1 2 1 2 1 2 2 1 1 1 1 2 1 1 2 2 1 2 1 1 2 2 2 2 2 1 2 2 1 1 2 1 1 1 2 1 1 2 2 1 1 2 2 2 2 2 1 1 1 1 1 1 2 2 1 2 2 2 1 2 2 1 1 1 2 1 2 2 1 1 1 2 1 1 2 1 2 2 1 2 2 1 2 0 1 2 1 2 1 2 2
93: 2 2 2 2 1 1 1 1 1 1 1 1 2 1 1 1 1 2 2 2 1 1 1 2 2 2 1 1 1 2 1 1 2 1 1 2 1 1 2 2 2 2 1 2 1 1 2 2 2 1 1 1 1 2 1 1 2 1 1 2 2 2 1 1 2 2 1 1 1 1 1 1 2 2 1 2 1 1 1 1 1 2 1 1 2 1 1 2 2 2 2 1 1 0 1 1 1 2 2 2
94: 1 2 1 1 1 2 2 1 2 2 2 2 1 1 1 1 2 1 2 2 1 2 1 1 1 1 2 1 1 1 2 2 2 2 1 1 2 1 1 2 2 2 1 2 2 2 1 1 2 1 1 1 1 2 2 1 1 2 2 1 2 2 1 1 2 1 2 1 2 2 2 1 2 2 1 1 2 2 1 2 1 1 1 2 2 2 1 2 2 1 1 1 2 1 0 1 2 1 2 2
95: 1 1 2 2 2 2 1 1 2 1 2 2 2 1 2 1 1 2 1 1 2 2 2 2 2 1 1 1 1 2 1 1 1 2 2 1 2 2 2 2 2 1 1 1 1 2 2 1 1 2 1 1 2 1 2 2 1 2 2 1 2 1 1 2 1 1 1 1 2 2 2 1 2 1 1 2 1 1 2 1 2 2 2 1 1 1 1 1 1 2 1 1 1 1 1 0 1 2 1 2
96: 1 1 2 2 2 1 1 2 2 2 2 1 2 1 2 1 1 1 1 1 2 1 1 2 2 1 2 2 2 2 1 2 2 2 1 1 1 1 2 2 2 2 2 1 2 1 2 2 1 2 2 1 1 2 2 1 1 2 1 1 2 2 1 2 1 1 2 1 1 1 1 2 2 1 1 2 1 2 2 2 2 2 2 1 1 2 2 2 1 2 1 1 2 1 2 1 0 2 1 2
97: 2 1 2 1 2 2 1 2 1 2 1 2 1 2 1 1 1 2 2 2 1 2 1 2 1 2 2 1 1 2 2 1 1 1 2 1 2 2 1 2 1 1 1 1 2 1 1 1 1 1 1 2 2 1 2 2 1 2 1 2 1 2 2 1 2 2 2 1 2 2 1 1 1 2 2 1 1 1 1 1 2 1 2 2 1 2 1 2 2 1 2 2 1 2 1 2 2 0 1 2
98: 2 2 1 1 1 1 1 1 1 1 1 2 1 2 1 2 2 1 1 1 2 2 2 2 1 2 2 1 1 2 2 2 2 1 1 2 2 2 2 1 2 2 2 2 1 2 2 2 1 2 1 2 1 1 1 1 2 2 2 1 2 1 2 1 2 2 1 2 1 2 2 2 1 2 1 2 1 2 2 2 1 1 2 2 1 2 2 1 1 1 2 2 2 2 2 1 1 1 0 1
99: 2 2 1 1 2 2 1 2 1 2 2 2 2 1 2 1 2 2 2 2 1 1 2 2 2 2 1 1 2 2 2 2 1 1 1 1 2 1 1 2 2 1 1 1 2 1 2 1 1 1 2 2 1 1 1 2 1 2 2 1 2 1 2 1 2 2 2 2 2 2 1 2 1 1 2 2 1 2 2 1 2 1 1 1 2 2 2 1 2 2 2 2 2 2 2 2 2 2 1 0
