100 50 198

0: 0 0 1 0 0 0 0 0 0 0 0 0 0 0 0 0 0 1 1 0 0 0 0 0 0 0 1 0 0 0 1 0 0 0 0 1 0 1 0 0 0 0 0 0 0 0 0 0 0 0 0 0 0 0 0 0 0 0 1 0 0 0 1 0 0 0 1 0 0 0 0 0 0 0 0 0 0 0 0 0 1 0 0 0 0 1 0 1 0 0 0 0 0 0 0 0 0 0 0 0
1: 0 0 0 1 0 0 0 1 0 0 0 0 0 0 1 0 0 0 0 1 0 0 0 0 0 0 0 0 0 0 0 0 0 0 0 1 0 0 0 1 0 0 0 0 0 0 0 0 0 1 0 0 0 0 0 0 1 0 0 0 0 0 0 0 1 0 0 0 0 0 0 0 0 0 0 0 0 0 0 0 0 0 0 0 0 0 0 1 0 0 0 0 0 0 0 0 0 0 0 0
2: 0 0 0 0 0 0 0 0 0 0 0 0 0 0 0 0 1 0 0 0 0 0 0 0 0 0 0 0 0 0 0 0 0 0 0 0 1 1 0 0 0 1 0 0 0 0 0 1 0 0 0 0 0 0 0 0 0 0 0 0 0 0 0 0 0 0 0 0 0 0 0 0 0 0 1 0 0 0 0 0 0 0 1 0 0 0 0 1 0 0 0 0 0 1 0 0 0 0 0 0
3: 0 0 0 1 0 0 0 0 0 1 0 0 0 0 0 0 0 0 0 1 0 0 0 0 0 0 0 0 1 0 0 0 0 0 0 0 0 0 0 0 0 0 0 0 0 0 0 0 0 0 1 0 0 0 0 0 0 1 0 0 0 0 0 1 0 0 0 0 0 0 1 0 0 1 0 0 0 0 1 0 0 0 0 0 0 0 1 0 0 0 0 0 0 0 0 0 0 0 0 0
4: 0 0 0 0 0 0 0 0 0 0 0 0 0 0 1 0 0 0 0 0 0 0 0 0 0 0 0 0 0 0 0 0 0 0 1 0 0 0 0 0 0 0 0 0 0 0 0 0 1 0 0 1 0 0 0 0 0 0 0 1 0 0 0 0 0 0 0 0 0 0 0 0 0 0 0 0 0 0 0 0 0 0 0 1 0 0 1 0 0 1 0 0 0 0 0 0 0 0 0 0
5: 0 0 0 0 0 0 0 0 0 0 1 0 0 0 1 0 1 0 0 0 0 0 0 0 0 0 0 0 0 0 0 0 0 0 0 0 0 0 0 0 0 1 0 0 0 0 0 0 0 0 0 0 0 0 0 0 0 0 0 1 0 0 0 0 0 0 1 0 0 0 0 0 0 0 0 0 0 0 0 0 0 0 0 0 0 0 0 0 0 0 0 0 0 0 0 0 0 0 0 1
6: 0 0 0 0 0 0 0 0 0 1 0 0 0 0 0 0 0 0 0 1 0 0 0 0 0 0 0 0 0 0 0 1 0 0 0 0 0 0 0 0 0 0 0 0 0 0 0 0 0 0 0 0 0 0 1 0 0 0 0 0 0 0 0 1 0 0 0 0 0 0 0 0 0 1 0 0 0 0 0 0 0 0 0 0 1 0 0 0 0 0 0 0 0 0 0 0 0 0 0 1
7: 0 0 1 0 1 0 0 0 0 0 0 0 0 0 0 0 0 0 0 0 1 0 0 0 0 0 0 1 0 0 0 0 0 0 1 0 0 0 0 0 1 0 0 0 0 0 0 0 0 0 0 0 0 0 0 0 0 0 0 0 0 0 0 0 0 0 0 0 0 0 1 0 0 0 0 0 0 0 0 0 0 0 0 0 0 0 0 1 0 0 1 0 0 0 0 0 1 0 0 0
8: 0 0 0 0 1 0 1 0 1 0 1 0 0 0 0 0 0 1 0 0 0 0 0 1 0 1 1 0 0 0 0 0 0 1 0 0 0 0 1 0 0 0 0 0 0 0 0 0 0 0 1 0 0 1 0 1 0 0 0 0 0 0 0 0 0 1 0 0 0 0 1 0 0 0 0 0 0 0 0 0 0 0 0 0 0 0 0 0 0 0 0 0 0 0 0 0 0 0 0 0
9: 0 0 0 1 0 0 0 0 1 0 0 0 0 0 0 0 0 0 0 0 0 0 0 0 0 0 0 0 0 0 0 0 0 0 1 0 0 0 1 0 0 0 0 0 0 0 0 0 0 0 0 0 0 0 0 0 0 1 0 1 0 0 0 0 0 0 1 0 0 0 0 1 1 1 0 0 0 0 0 0 0 0 0 0 0 1 1 0 0 0 0 0 0 0 0 0 0 0 0 0
10: 1 0 1 1 0 0 0 0 0 0 0 0 0 0 0 0 0 0 0 0 0 0 0 0 0 0 1 0 0 0 0 0 0 0 0 0 0 0 0 1 0 0 0 0 0 0 0 0 0 0 0 1 0 0 0 0 0 0 0 0 0 0 0 0 1 0 0 0 0 0 0 0 0 0 0 0 0 0 0 0 0 0 0 0 0 1 0 0 0 0 0 0 0 0 0 0 0 0 0 0
11: 0 0 0 0 0 0 0 0 0 0 0 0 0 0 0 0 0 0 0 0 1 0 0 0 0 0 1 0 0 0 0 0 0 1 1 0 0 0 0 0 0 0 0 0 0 0 0 0 0 0 0 0 0 0 0 1 0 0 0 0 0 0 0 0 0 0 0 0 0 0 0 0 0 0 0 0 0 0 1 0 0 0 0 0 0 0 0 0 0 0 0 0 0 0 0 0 0 0 0 0
12: 0 0 1 0 0 0 0 0 0 0 0 0 0 0 0 0 0 0 0 0 0 0 0 0 0 0 1 0 0 0 0 1 0 0 1 0 0 0 1 0 0 0 0 0 0 0 0 0 0 0 0 0 0 0 1 0 0 1 0 0 0 0 0 0 0 0 0 0 0 0 0 0 0 0 0 0 0 0 0 0 0 0 0 0 0 1 0 0 0 1 0 0 0 0 0 0 0 0 0 0
13: 1 0 0 0 0 0 1 0 0 0 1 1 0 0 1 0 0 0 0 0 0 0 0 0 0 1 0 0 0 0 0 0 0 1 1 0 0 0 0 0 0 0 1 0 0 0 0 0 0 1 0 0 0 0 0 0 0 0 1 0 0 0 1 0 0 0 0 0 0 0 0 0 0 0 0 0 0 1 0 0 0 0 0 0 1 0 0 0 0 0 0 0 0 0 0 0 0 0 0 0
14: 0 0 0 0 0 0 0 0 0 0 0 1 0 0 0 0 0 0 1 0 0 0 0 0 0 0 0 0 0 0 0 0 0 1 0 0 0 0 0 1 0 0 0 0 0 0 0 0 0 1 0 0 0 0 1 0 0 0 1 0 0 1 0 0 0 1 0 0 0 1 0 0 0 1 0 0 0 1 0 0 0 0 0 0 0 0 0 0 0 0 0 0 0 0 0 1 0 0 0 0
15: 0 1 0 0 0 0 0 0 0 0 0 0 1 0 0 0 0 0 0 0 0 0 0 0 1 0 0 0 0 0 0 0 0 0 0 0 1 0 0 0 0 0 1 1 0 0 0 0 0 0 0 0 0 0 0 0 0 0 0 0 0 0 0 1 0 0 0 0 0 0 0 0 1 0 0 0 0 0 0 0 0 0 0 0 0 0 0 0 0 0 0 0 0 0 0 0 0 0 0 0
16: 0 0 1 1 0 0 1 0 0 0 0 0 0 0 0 0 0 0 0 0 0 0 0 0 0 0 0 1 0 0 0 1 0 0 0 0 0 0 0 0 0 0 0 0 0 0 0 0 0 0 0 0 0 0 0 0 0 0 0 0 1 0 0 0 1 0 0 0 0 0 0 0 0 0 0 1 0 0 0 0 0 0 0 0 0 0 0 0 0 0 0 0 0 0 1 0 0 0 1 0
17: 0 1 0 0 1 0 0 0 0 0 0 0 0 0 0 0 0 0 0 0 1 0 0 0 0 0 0 0 0 0 1 0 0 0 0 0 0 0 0 0 0 1 0 0 0 0 0 0 0 0 0 0 0 0 0 0 0 0 0 0 1 0 1 0 0 1 0 0 0 0 0 1 0 0 0 0 0 1 0 1 1 0 0 0 0 0 0 0 0 0 0 1 0 0 0 0 0 0 1 0
18: 0 0 1 0 0 0 0 0 0 0 0 0 0 0 0 0 0 0 0 0 0 0 0 1 0 0 0 0 0 0 0 0 0 0 0 0 0 0 0 0 0 0 0 0 0 0 0 0 0 0 0 0 0 0 0 0 0 0 0 0 0 0 0 0 0 0 0 0 1 0 0 0 1 1 0 0 0 0 1 0 0 0 0 0 1 0 0 1 0 0 0 0 0 0 1 0 0 0 0 0
19: 0 0 1 0 0 0 0 0 0 0 0 1 0 0 0 0 0 0 0 0 0 0 1 0 0 1 0 0 1 0 0 1 0 1 1 0 1 0 0 0 1 0 0 0 1 0 0 0 0 0 0 0 0 0 1 0 0 0 0 0 0 0 0 0 0 0 0 0 0 0 0 0 0 0 1 0 0 0 0 0 0 0 0 0 0 0 1 0 0 0 0 0 0 0 0 0 0 0 0 0
20: 1 0 0 0 0 0 0 0 0 0 0 0 0 0 0 0 0 1 0 0 0 0 0 0 0 0 0 0 0 0 0 0 0 0 0 0 0 1 0 0 0 0 0 0 0 0 0 0 0 0 0 0 0 0 1 0 0 0 0 0 0 0 0 0 0 0 0 0 1 0 0 1 0 0 0 0 0 0 0 0 0 0 0 0 0 0 0 0 0 0 0 0 0 0 0 1 0 0 0 1
21: 0 0 1 0 0 0 0 0 0 0 1 0 0 0 0 0 0 0 0 1 0 0 0 0 0 0 0 0 0 0 0 0 0 0 0 0 0 0 1 1 0 1 0 0 0 0 0 0 0 0 0 0 0 0 0 1 0 0 0 0 0 0 0 0 0 0 0 0 1 0 0 0 0 1 0 0 0 0 0 0 0 0 0 0 0 1 0 0 0 1 0 0 0 0 0 0 1 1 0 0
22: 0 0 0 0 0 0 0 0 0 0 0 0 0 1 0 0 0 0 0 0 0 0 0 1 0 0 0 0 0 0 0 0 0 0 0 0 0 0 0 0 0 0 0 1 0 0 1 0 0 0 0 0 1 0 0 0 0 0 0 0 0 0 0 0 0 0 0 1 0 0 0 0 1 0 0 0 0 0 1 0 0 0 0 0 0 0 0 0 1 0 0 0 1 0 0 0 0 0 0 0
23: 1 0 0 0 0 0 0 0 0 0 0 0 0 0 0 0 1 0 0 0 0 0 0 0 0 0 0 0 0 0 0 0 0 0 1 0 0 0 0 0 0 0 0 0 0 0 0 0 1 0 0 0 0 0 0 1 0 0 0 0 0 0 0 0 0 0 0 1 1 0 0 0 0 0 0 0 0 1 0 0 0 0 0 0 0 0 1 0 0 0 0 0 0 0 0 0 0 0 0 0
24: 0 0 0 0 0 0 0 0 0 0 0 0 0 0 0 0 0 0 0 1 0 0 0 0 0 0 0 1 0 0 0 0 0 0 0 1 0 1 0 0 0 0 0 0 0 1 0 0 0 0 0 0 0 0 0 0 1 0 0 0 0 1 0 0 1 0 0 0 0 0 0 0 0 0 0 0 0 0 0 0 0 0 0 0 0 0 0 0 0 0 0 1 0 0 0 0 0 0 0 0
25: 0 0 0 0 0 0 0 0 0 0 0 0 1 0 0 0 0 0 0 0 0 0 0 0 0 0 0 1 0 0 0 0 0 0 1 0 0 0 0 0 0 1 0 0 0 0 0 0 0 0 0 0 0 0 0 0 0 0 0 0 1 0 0 0 0 0 0 0 0 0 1 0 0 1 0 0 0 0 0 0 0 0 0 0 0 0 0 0 0 0 0 0 0 0 1 0 0 0 0 0
26: 0 0 0 0 0 0 0 0 0 0 0 0 1 0 0 0 0 0 0 0 0 0 0 0 0 0 0 0 0 0 0 0 0 0 0 0 0 0 0 0 0 0 0 0 0 0 0 0 0 0 0 0 1 0 0 0 0 0 0 0 0 0 0 0 0 0 0 0 1 0 0 0 0 0 0 0 0 0 0 0 0 0 0 0 0 0 0 0 0 0 0 0 0 0 0 0 0 0 0 0
27: 0 0 0 0 0 0 0 0 0 0 0 0 0 0 0 0 0 0 0 0 0 0 0 0 0 0 0 0 0 0 0 0 0 0 1 0 0 0 0 0 0 1 1 0 0 0 0 1 0 0 0 0 0 0 0 0 1 0 0 0 0 0 0 0 0 0 0 0 0 0 0 0 0 0 0 0 0 0 1 0 0 0 0 0 0 0 0 0 0 0 0 1 0 0 0 0 0 0 0 1
28: 0 0 0 0 0 0 0 1 0 0 1 0 0 0 1 0 0 0 0 0 1 0 1 0 0 0 0 0 0 0 0 0 1 0 0 0 0 0 0 0 0 0 0 0 0 0 0 0 0 0 0 0 0 0 0 0 0 0 0 0 0 0 0 0 0 0 0 0 0 0 0 0 0 0 1 1 0 0 0 0 0 0 0 0 0 0 0 0 0 0 0 0 0 0 0 0 0 0 0 0
29: 0 0 1 0 0 0 0 0 0 0 0 0 0 0 0 0 0 0 0 0 0 0 1 0 0 0 0 0 0 0 0 0 0 0 0 0 0 0 0 0 0 0 0 0 0 0 0 0 0 0 0 0 0 0 0 0 0 0 0 0 0 0 0 1 1 0 0 0 0 0 0 0 0 0 0 0 0 0 0 0 1 0 0 0 0 0 0 0 0 0 0 0 0 0 0 0 0 0 0 0
30: 0 1 0 0 0 0 0 0 1 1 0 0 0 0 0 0 0 0 0 0 0 0 0 0 0 0 0 0 0 0 0 0 0 0 0 0 0 0 0 0 0 0 0 0 0 0 0 0 0 0 0 0 0 0 0 0 0 0 0 0 0 0 0 0 0 0 0 0 0 0 0 0 0 0 0 0 0 0 0 0 0 0 0 0 0 0 0 0 0 0 0 0 0 0 0 1 0 0 0 0
31: 0 0 0 1 0 0 0 0 0 0 0 0 0 0 1 0 0 0 0 0 0 1 0 0 0 0 0 0 0 0 0 0 0 0 0 0 0 0 0 0 0 0 0 0 1 0 0 0 0 0 0 0 0 0 0 1 0 0 0 0 0 0 0 1 0 0 0 0 0 0 0 0 0 1 0 0 0 0 0 0 0 0 0 1 0 0 0 1 0 0 0 0 0 0 1 0 0 0 0 0
32: 0 0 0 0 0 0 0 0 0 0 0 0 0 1 1 1 1 0 0 0 0 0 1 0 0 0 0 0 0 0 0 0 1 0 0 0 0 0 0 0 0 0 1 0 0 0 0 0 0 0 0 0 0 0 0 0 0 0 0 0 0 1 0 0 0 0 0 0 0 0 0 1 0 0 0 0 0 0 0 0 0 0 1 0 0 0 0 1 0 0 0 0 0 0 0 0 0 0 0 0
33: 1 0 0 0 0 0 0 0 1 1 0 0 0 0 0 1 0 0 0 0 0 1 0 0 0 0 0 1 1 0 0 0 0 0 0 0 0 0 0 0 0 0 0 0 0 0 0 0 0 0 0 0 0 0 0 0 0 0 0 0 0 0 0 0 0 0 0 0 0 0 0 0 0 0 0 0 0 0 0 0 0 1 1 1 0 0 0 0 0 0 0 0 0 0 0 0 0 0 0 0
34: 1 0 0 0 0 0 0 0 0 0 1 0 0 1 0 0 0 0 0 0 0 0 0 0 0 1 0 0 1 0 0 0 0 0 0 0 0 0 1 0 1 0 0 0 0 0 0 0 0 0 0 1 0 0 0 0 0 0 0 0 0 1 0 0 0 0 0 0 0 0 0 0 0 0 0 1 0 0 0 0 0 0 0 0 0 0 0 0 0 1 0 0 0 0 0 1 0 0 0 1
35: 0 0 0 0 0 0 0 0 1 0 0 0 0 0 0 0 0 0 1 0 0 0 0 0 0 0 0 0 0 0 0 0 0 0 0 0 0 0 0 1 0 1 0 0 0 0 0 0 0 0 1 0 0 0 0 0 1 0 0 0 0 0 0 0 0 1 0 0 0 0 0 0 0 0 0 1 0 0 0 0 0 0 1 0 0 1 0 0 0 0 0 0 1 0 1 0 0 0 1 0
36: 0 0 0 0 0 0 0 0 0 0 0 0 0 0 0 0 0 0 0 0 0 1 0 0 0 0 0 0 0 0 0 0 0 0 0 0 0 0 0 0 1 0 0 0 0 0 0 1 0 0 1 0 0 0 0 0 0 0 0 0 0 0 0 0 0 0 0 0 0 0 0 0 0 0 0 1 0 0 1 0 0 0 0 0 0 1 0 0 0 0 0 0 1 0 0 0 0 0 0 0
37: 1 0 0 0 0 0 0 0 0 1 0 0 0 0 0 1 0 0 0 0 0 0 0 0 0 0 0 0 0 0 0 0 1 1 0 0 1 0 0 0 0 0 1 1 0 0 0 0 0 1 1 1 0 0 0 0 0 0 1 0 0 0 0 0 0 0 1 0 0 0 0 0 0 0 0 0 0 0 0 1 0 0 0 0 1 0 0 0 0 0 0 0 1 0 0 0 0 0 0 1
38: 0 0 0 0 0 0 0 0 0 0 0 0 1 0 0 0 0 0 0 0 0 0 0 0 0 0 0 0 0 0 0 0 0 0 0 0 0 0 1 1 0 0 0 0 0 0 1 0 0 0 0 0 0 0 1 0 0 0 1 0 0 0 0 0 0 0 0 0 0 0 0 0 0 0 0 0 0 0 0 0 0 0 0 0 0 0 0 0 0 1 0 0 0 0 1 0 0 0 0 0
39: 0 0 0 0 0 0 0 0 0 0 0 0 1 0 1 1 0 0 1 0 0 0 0 0 0 0 1 0 0 0 0 0 0 0 0 1 0 0 0 0 1 0 0 0 0 0 0 0 1 0 0 0 0 0 0 1 0 0 0 0 0 0 0 0 0 0 0 0 0 0 0 0 0 0 0 0 0 0 0 0 0 0 0 0 0 0 0 0 0 0 1 0 0 0 1 0 0 0 0 0
40: 0 0 0 0 0 0 0 0 0 0 0 0 0 0 0 0 1 0 0 0 0 0 0 0 0 0 0 0 0 0 1 0 0 0 0 0 0 0 0 1 1 0 1 0 0 0 0 0 0 0 0 1 0 0 0 0 1 0 0 0 0 0 0 0 0 0 0 0 0 0 0 0 0 0 0 0 0 0 0 0 0 0 0 0 1 0 0 0 0 0 0 0 0 0 0 1 0 0 0 0
41: 0 0 1 0 0 0 0 0 0 0 0 1 0 0 0 0 0 0 0 0 0 0 0 0 0 1 0 0 0 0 1 0 0 0 0 0 0 0 0 0 0 0 0 0 0 0 0 0 0 0 0 0 1 0 0 0 0 0 0 0 1 0 0 0 0 0 1 0 0 0 0 0 0 1 0 0 0 0 0 0 0 0 0 0 0 0 0 0 0 0 1 0 0 0 1 0 0 0 0 0
42: 0 0 0 0 0 0 0 0 0 0 0 0 0 0 0 0 0 1 0 0 0 0 0 0 0 0 0 0 0 1 0 0 0 0 1 0 1 0 0 0 0 0 0 0 0 0 0 0 0 1 0 0 0 0 0 0 0 0 1 0 1 0 0 0 0 0 0 0 0 0 0 0 0 0 0 0 0 0 1 0 0 1 0 0 0 0 0 0 0 0 0 0 0 0 0 0 0 1 0 0
43: 0 1 1 0 0 0 0 0 0 0 0 0 0 1 0 0 0 0 0 0 0 0 0 0 0 0 0 0 0 1 0 0 0 1 0 0 0 0 0 0 0 0 0 1 0 0 0 0 0 1 0 0 0 0 0 0 0 0 1 0 0 0 0 0 0 0 0 0 0 0 0 0 0 0 0 0 0 0 0 1 0 0 0 0 0 0 0 0 0 0 1 0 0 0 0 0 0 0 0 0
44: 0 0 0 0 0 0 0 0 0 0 0 0 0 0 0 0 0 0 0 0 0 0 0 0 1 0 0 0 0 0 0 0 0 0 0 0 0 0 0 0 0 0 0 0 0 0 0 0 0 0 1 1 0 0 0 0 0 0 1 0 0 0 0 0 0 1 0 0 0 0 0 0 0 0 0 0 1 1 0 0 0 0 1 1 0 0 0 0 0 0 0 0 0 0 0 0 0 0 0 0
45: 1 0 0 0 0 1 0 0 0 0 0 0 0 0 0 0 0 0 0 0 0 0 0 0 0 1 1 0 0 0 0 0 0 0 0 0 0 0 0 0 0 0 1 1 0 0 0 0 0 0 0 1 0 1 0 0 0 0 0 1 0 0 0 1 0 0 0 0 0 0 0 0 0 0 0 0 0 0 0 0 0 0 0 0 0 0 0 0 0 0 0 0 0 0 0 0 0 0 0 0
46: 0 1 0 0 1 0 0 0 0 0 0 0 0 0 0 0 0 0 0 0 0 0 0 0 0 0 0 0 0 0 0 1 0 0 0 0 0 0 0 0 0 0 1 0 0 0 0 0 0 0 0 0 0 0 1 0 0 0 0 0 0 0 0 0 0 0 0 0 0 0 0 0 0 1 0 0 0 1 0 0 0 0 1 1 0 0 0 0 0 0 0 0 0 0 0 0 0 0 0 0
47: 0 0 0 0 0 0 0 0 0 0 0 0 0 0 0 0 0 0 0 0 0 0 0 0 0 0 0 0 0 0 1 0 0 0 0 0 0 0 0 0 0 0 0 0 0 0 0 0 0 0 0 1 0 0 0 0 0 0 0 0 0 0 0 0 0 0 0 0 0 0 0 1 0 0 0 1 1 0 0 0 0 0 0 0 0 0 0 0 0 0 0 0 0 0 0 0 1 0 0 0
48: 0 0 0 0 0 0 0 0 0 0 0 0 0 0 0 0 0 0 0 0 0 0 0 0 0 0 0 1 0 0 0 1 0 0 0 0 0 0 0 0 0 0 0 0 0 0 0 0 0 0 0 0 0 1 0 0 0 0 0 0 0 0 0 0 0 0 0 0 0 0 0 0 0 1 0 0 0 0 0 0 0 1 0 0 0 0 0 1 0 0 0 1 0 0 0 0 0 0 1 0
49: 1 0 0 0 0 0 0 0 0 0 0 0 1 0 0 0 0 0 0 0 0 0 0 0 0 0 0 0 0 0 0 1 0 0 0 0 0 0 0 0 0 0 0 0 0 0 1 0 0 0 0 0 0 0 0 1 0 0 0 0 0 0 0 0 0 0 0 0 0 0 0 0 0 0 0 0 0 0 0 0 0 0 1 0 0 0 0 1 0 0 0 0 0 0 1 0 0 0 0 0

0: 0 2 2 1 2 2 2 2 1 1 1 2 2 2 2 1 1 1 2 1 1 1 2 1 1 1 1 2 2 1 2 1 2 2 2 1 2 2 1 2 1 1 1 1 2 1 1 2 2 2 2 1 1 1 2 2 2 2 2 2 1 1 2 1 1 1 1 2 2 2 2 2 1 1 1 1 1 1 1 2 2 1 2 2 2 2 2 1 2 2 1 1 1 1 2 1 2 2 1 2
1: 2 0 1 2 1 2 1 2 2 1 2 2 2 2 1 2 2 1 1 2 1 2 2 1 1 2 2 2 1 2 2 1 2 2 1 2 2 1 2 1 2 1 2 2 1 1 1 2 2 2 1 2 1 1 1 1 1 1 1 2 1 2 2 2 1 1 1 2 2 1 2 2 2 2 1 1 1 1 1 2 1 1 2 1 1 2 1 1 1 2 1 1 2 1 1 1 1 2 1 2
2: 2 1 0 2 2 2 1 2 1 2 1 2 2 2 1 2 1 1 2 2 1 1 2 2 1 2 1 2 1 2 1 2 1 2 1 1 1 2 2 1 1 2 1 1 2 1 2 1 2 2 2 1 1 1 1 2 1 1 2 2 2 2 2 1 1 1 1 2 2 1 2 2 1 2 1 1 2 1 1 2 2 2 1 1 1 1 1 1 1 2 1 1 1 1 1 2 1 1 1 1
3: 1 2 2 0 1 2 1 1 1 2 1 2 2 2 1 1 1 2 2 1 1 2 1 1 1 2 1 1 2 2 2 1 1 1 2 2 2 1 2 1 2 1 1 2 2 2 1 1 2 2 2 1 2 2 1 2 2 1 1 2 2 1 2 1 1 1 2 1 1 2 1 1 1 1 1 2 1 1 2 1 1 2 1 1 2 1 2 2 2 1 2 2 1 1 2 2 1 2 2 2
4: 2 1 2 1 0 2 2 1 1 1 1 2 1 1 2 2 2 2 1 1 1 1 1 1 1 1 1 2 2 1 1 1 1 1 2 1 1 2 1 2 2 2 1 1 2 1 2 1 1 2 2 1 2 2 1 1 2 1 1 1 2 2 2 1 2 1 2 1 1 2 1 2 1 1 1 1 1 2 1 1 1 2 1 2 2 2 2 2 1 1 1 1 1 2 1 2 1 2 1 1
5: 2 2 2 2 2 0 2 1 2 1 2 2 2 2 2 2 1 1 1 1 2 1 1 1 1 2 2 1 1 1 2 2 2 1 1 1 1 2 1 2 2 1 1 1 2 1 1 2 2 1 2 2 2 1 2 2 2 1 1 2 1 2 1 2 1 2 2 2 2 2 2 1 1 1 1 2 2 1 1 2 1 1 1 1 1 2 2 2 2 2 2 2 1 2 2 2 2 2 2 2
6: 2 1 1 1 2 2 0 2 2 2 2 1 2 2 2 1 1 1 1 1 2 2 2 2 2 2 2 1 1 1 2 1 1 1 1 2 1 2 2 1 1 1 2 2 1 1 1 2 1 1 2 2 2 1 2 1 1 1 1 1 2 1 1 1 1 2 2 1 2 1 2 1 2 1 1 2 1 1 2 1 2 2 1 1 2 2 2 1 1 2 2 1 1 1 2 2 1 1 2 1
7: 2 2 2 1 1 1 2 0 1 2 2 2 2 2 2 2 2 2 2 1 2 1 1 1 2 2 2 2 2 1 1 1 2 1 2 2 2 1 1 1 2 1 1 1 1 2 2 1 2 2 2 1 1 1 2 1 2 2 1 1 1 1 2 2 1 2 2 2 2 1 1 1 2 1 2 1 1 2 1 1 1 2 1 1 2 2 1 2 1 2 1 1 2 2 2 2 2 2 1 2
8: 1 2 1 1 1 2 2 1 0 1 1 2 2 2 1 2 2 2 1 1 2 2 1 2 1 1 2 1 1 1 1 1 1 2 1 2 1 1 2 2 2 2 2 2 2 1 2 1 1 1 1 1 2 1 2 1 1 2 1 2 1 1 1 1 1 2 1 1 1 1 2 2 2 1 2 1 1 2 1 1 1 2 2 1 1 2 2 1 2 2 1 2 1 1 2 2 2 2 1 2
9: 1 1 2 2 1 1 2 2 1 0 2 2 1 2 1 2 1 2 2 2 2 1 1 1 1 2 1 1 1 2 1 2 2 2 1 1 2 1 2 2 2 2 1 1 1 1 1 2 2 1 2 1 2 1 2 1 1 1 2 1 1 2 1 2 2 2 2 1 1 1 2 2 2 2 1 1 2 2 2 1 2 1 2 2 1 1 1 2 2 1 2 1 1 2 1 1 1 1 2 1
10: 1 2 1 1 1 2 2 2 1 2 0 2 2 2 1 2 1 1 2 1 1 1 2 1 1 2 2 2 1 1 1 2 2 1 1 1 2 2 2 1 2 1 1 2 1 2 2 1 1 1 1 2 1 1 1 1 1 1 2 2 2 1 1 1 2 1 2 2 2 2 2 2 2 2 1 1 2 1 2 1 2 1 2 2 1 2 2 1 2 2 1 1 1 1 2 1 2 1 1 2
11: 2 2 2 2 2 2 1 2 2 2 2 0 1 1 2 2 1 1 1 2 2 2 1 1 1 2 1 1 1 1 2 1 2 2 2 2 2 2 2 1 2 2 1 1 1 2 1 2 1 1 1 2 2 2 1 1 1 1 2 2 1 2 1 1 1 1 2 2 2 1 2 1 2 1 2 1 1 1 2 2 2 2 1 1 2 1 1 2 1 2 1 2 1 1 2 1 1 1 2 1
12: 2 2 2 2 1 2 2 2 2 1 2 1 0 2 2 1 2 2 1 2 2 2 2 2 2 2 1 2 1 2 2 2 1 1 1 1 2 2 1 2 2 1 2 2 1 1 1 2 2 2 2 2 1 1 2 1 1 2 2 1 1 1 2 1 2 1 2 2 1 2 2 1 1 2 2 2 2 2 2 1 2 2 1 1 1 1 2 2 2 1 2 2 1 2 2 1 1 2 2 2
13: 2 2 2 2 1 2 2 2 2 2 2 1 2 0 2 2 1 2 2 2 2 2 2 2 1 2 2 1 2 2 1 1 2 2 1 2 1 2 1 1 1 1 1 2 1 1 1 2 2 1 1 1 2 1 1 1 2 1 2 2 1 1 2 2 2 2 1 1 2 1 1 1 2 2 2 1 2 2 1 2 1 1 2 1 1 1 1 1 2 1 1 1 1 2 2 1 2 1 2 2
14: 2 1 1 1 2 2 2 2 1 1 1 2 2 2 0 1 2 1 1 1 2 1 1 2 1 2 2 2 1 2 2 2 2 1 1 1 1 1 1 2 1 1 1 1 1 1 2 2 1 2 2 1 2 1 1 1 2 2 2 1 2 2 1 1 1 1 1 1 2 2 1 2 1 1 2 2 2 2 2 2 1 2 1 1 2 1 2 1 1 1 2 1 1 2 1 1 1 2 2 1
15: 1 2 2 1 2 2 1 2 2 2 2 2 1 2 1 0 2 2 1 2 1 2 2 1 1 2 2 1 1 2 1 1 1 2 1 2 1 2 2 2 2 2 1 1 1 1 2 1 2 1 1 1 2 2 2 2 2 1 1 2 1 1 1 1 2 1 1 1 2 1 1 2 1 1 1 2 2 2 1 1 1 1 2 2 1 2 1 1 2 2 2 1 2 2 1 2 1 1 2 2
16: 1 2 1 1 2 1 1 2 2 1 1 1 2 1 2 2 0 2 2 2 1 2 2 1 1 1 2 1 1 1 1 1 2 1 2 2 1 1 2 2 1 1 2 2 1 1 1 2 2 2 1 1 2 1 2 1 2 2 1 2 1 2 1 2 1 2 1 2 1 1 2 2 2 2 2 1 2 2 2 1 2 2 1 2 1 2 2 2 2 1 2 2 1 2 1 1 2 2 1 2
17: 1 1 1 2 2 1 1 2 2 2 1 1 2 2 1 2 2 0 1 2 2 1 2 2 2 1 2 2 2 1 1 2 2 1 2 1 1 1 2 2 2 2 1 1 1 1 2 2 2 2 1 2 1 2 1 2 1 2 1 1 2 1 1 2 1 1 2 2 1 1 2 1 1 2 1 1 1 2 1 1 2 1 2 2 1 2 2 2 1 1 2 2 2 1 1 2 1 2 2 2
18: 2 1 2 2 1 1 1 2 1 2 2 1 1 2 1 1 2 1 0 2 1 1 1 2 2 2 2 1 1 1 2 1 2 2 1 2 1 2 1 1 2 2 1 2 2 2 2 1 1 2 1 2 1 2 1 2 1 1 1 1 2 2 1 2 1 1 1 1 1 1 2 1 1 1 1 2 1 2 2 1 2 1 1 2 1 1 1 1 1 1 2 2 2 1 2 1 1 1 1 1
19: 1 2 2 1 1 1 1 1 1 2 1 2 2 2 1 2 2 2 2 0 2 2 2 1 2 1 1 1 2 1 2 1 2 2 2 2 2 2 2 1 1 2 2 1 2 2 1 2 2 2 2 2 2 2 1 2 1 2 2 2 2 1 1 1 1 1 1 1 1 1 2 1 1 2 2 1 1 1 1 1 2 2 2 2 2 2 1 2 1 2 2 2 2 1 2 2 1 2 1 2
20: 1 1 1 1 1 2 2 2 2 2 1 2 2 2 2 1 1 2 1 2 0 1 1 2 1 1 2 2 1 1 2 1 1 2 2 1 1 2 1 1 1 2 2 2 2 1 2 2 1 2 2 1 2 2 2 1 2 1 2 2 2 1 2 2 1 1 1 1 1 1 2 1 1 2 2 2 2 2 2 1 1 1 2 1 2 2 1 1 1 2 1 2 2 1 2 1 2 1 2 2
21: 1 2 1 2 1 1 2 1 2 1 1 2 2 2 1 2 2 1 1 2 1 0 2 1 1 2 1 2 2 1 1 2 1 1 1 1 2 2 1 2 1 1 1 2 2 2 2 2 1 1 1 1 1 1 2 1 2 1 1 2 1 1 2 2 2 2 1 1 1 2 2 1 1 1 1 2 1 1 1 1 1 1 1 1 2 2 1 2 2 2 1 2 1 1 2 1 2 1 1 1
22: 2 2 2 1 1 1 2 1 1 1 2 1 2 2 1 2 2 2 1 2 1 2 0 2 2 2 2 2 2 1 2 2 2 2 2 2 1 1 1 2 1 1 2 2 2 2 2 2 1 2 1 2 2 1 1 1 1 1 1 1 2 2 1 1 2 2 2 1 2 1 1 2 1 1 2 1 1 1 1 1 2 2 1 2 2 1 1 1 2 2 2 1 2 2 2 2 2 2 1 1
23: 1 1 2 1 1 1 2 1 2 1 1 1 2 2 2 1 1 2 2 1 2 1 2 0 2 2 1 1 2 2 2 2 1 1 1 2 2 1 2 2 1 2 2 1 1 1 1 1 1 2 1 1 2 1 2 1 1 2 2 2 2 2 2 1 1 2 2 1 1 2 2 1 2 2 1 1 2 2 2 1 2 1 1 1 1 2 2 2 2 2 2 2 1 2 1 1 1 1 1 1
24: 1 1 1 1 1 1 2 2 1 1 1 1 2 1 1 1 1 2 2 2 1 1 2 2 0 2 1 2 2 2 1 1 2 1 1 1 2 1 2 1 2 2 1 1 2 1 2 2 2 2 2 2 2 2 1 1 2 1 1 2 2 2 2 2 2 1 1 1 1 1 2 1 2 2 1 1 2 2 1 1 1 2 2 1 2 1 2 2 1 1 1 1 1 1 1 1 1 2 1 1
25: 1 2 2 2 1 2 2 2 1 2 2 2 2 2 2 2 1 1 2 1 1 2 2 2 2 0 1 2 2 1 1 2 2 2 2 2 1 1 2 1 2 1 1 1 1 2 1 2 1 1 2 2 1 2 2 1 2 1 2 1 2 1 2 2 1 2 2 1 2 1 1 2 2 1 2 1 2 2 1 2 1 2 1 2 1 2 1 1 2 2 2 1 2 2 1 2 2 1 2 1
26: 1 2 1 1 1 2 2 2 2 1 2 1 1 2 2 2 2 2 2 1 2 1 2 1 1 1 0 1 1 1 1 1 2 1 2 2 1 1 1 2 2 1 2 2 2 1 1 2 2 1 1 2 1 1 1 2 2 1 2 1 2 2 1 1 2 2 2 2 2 1 2 1 1 2 1 2 1 1 2 2 1 2 2 1 1 1 1 2 1 1 2 2 1 2 1 1 1 1 1 2
27: 2 2 2 1 2 1 1 2 1 1 2 1 2 1 2 1 1 2 1 1 2 2 2 1 2 2 1 0 1 1 1 1 1 1 2 2 1 2 2 2 2 1 1 1 1 1 1 2 1 2 2 1 1 1 2 1 1 2 2 2 2 2 2 1 1 1 2 2 2 2 2 1 1 2 1 1 2 2 1 1 2 2 1 1 1 1 1 2 1 1 1 1 1 1 1 2 2 2 2 2
28: 2 1 1 2 2 1 1 2 1 1 1 1 1 2 1 1 1 2 1 2 1 2 2 2 2 2 1 1 0 2 2 2 2 2 1 2 2 2 1 2 2 1 1 1 1 1 2 1 1 1 2 1 1 2 2 1 2 1 2 1 2 2 1 1 1 2 2 1 1 1 1 2 2 1 1 2 1 1 2 2 1 2 1 1 1 2 1 2 1 1 2 1 1 1 1 2 1 1 2 2
29: 1 2 2 2 1 1 1 1 1 2 1 1 2 2 2 2 1 1 1 1 1 1 1 2 2 1 1 1 2 0 1 1 2 2 2 2 2 1 2 2 1 1 1 1 1 1 2 2 1 1 2 1 1 1 2 1 1 2 1 2 2 2 1 2 1 2 2 2 1 2 1 2 2 1 2 1 2 2 2 1 1 1 2 1 1 1 2 2 1 1 2 2 1 2 2 2 2 1 2 2
30: 2 2 1 2 1 2 2 1 1 1 1 2 2 1 2 1 1 1 2 2 2 1 2 2 1 1 1 1 2 1 0 1 1 2 2 1 2 1 1 1 1 2 2 1 2 2 1 1 2 2 1 1 2 2 2 1 2 2 1 2 1 1 2 2 2 1 1 1 2 2 1 1 1 2 2 2 2 2 1 1 1 1 1 2 2 2 1 2 1 1 1 1 2 1 1 1 1 2 2 1
31: 1 1 2 1 1 2 1 1 1 2 2 1 2 1 2 1 1 2 1 1 1 2 2 2 1 2 1 1 2 1 1 0 1 1 2 1 1 2 1 2 1 2 1 1 1 2 2 2 1 1 2 1 2 2 2 1 1 2 2 1 1 1 2 2 2 1 2 1 2 1 1 1 2 1 1 2 1 1 2 2 2 1 1 1 1 2 1 1 1 2 1 1 1 1 2 2 2 2 1 1
32: 2 2 1 1 1 2 1 2 1 2 2 2 1 2 2 1 2 2 2 2 1 1 2 1 2 2 2 1 2 2 1 1 0 1 2 1 1 1 2 2 1 1 1 1 1 1 2 2 2 1 1 2 2 1 2 1 1 1 2 2 2 2 1 1 1 1 2 1 1 1 1 2 1 1 2 2 1 2 1 1 1 2 2 2 2 1 1 2 2 1 2 1 2 2 2 1 2 1 1 1
33: 2 2 2 1 1 1 1 1 2 2 1 2 1 2 1 2 1 1 2 2 2 1 2 1 1 2 1 1 2 2 2 1 1 0 1 1 1 1 1 1 1 1 2 1 1 2 1 2 2 2 1 1 1 2 1 1 1 1 1 1 1 2 2 1 1 1 2 2 2 2 1 2 2 2 2 2 1 2 2 1 2 1 2 2 1 2 1 1 2 1 2 2 1 2 1 2 1 2 2 1
34: 2 1 1 2 2 1 1 2 1 1 1 2 1 1 1 1 2 2 1 2 2 1 2 1 1 2 2 2 1 2 2 2 2 1 0 2 1 2 1 1 1 1 1 2 1 1 2 2 2 2 2 1 1 1 1 2 2 1 2 2 1 2 1 1 1 1 1 1 2 2 1 2 1 2 2 1 2 2 1 1 1 1 2 2 2 1 1 1 1 1 2 2 1 1 2 1 2 2 1 2
35: 1 2 1 2 1 1 2 2 2 1 1 2 1 2 1 2 2 1 2 2 1 1 2 2 1 2 2 2 2 2 1 1 1 1 2 0 1 1 1 2 2 1 1 1 1 2 1 2 2 2 1 2 1 2 1 2 2 1 1 2 1 1 2 2 1 2 2 2 1 2 2 1 2 2 1 2 1 1 2 2 1 2 2 2 2 1 1 2 1 1 1 2 1 2 1 2 1 1 1 2
36: 2 2 1 2 1 1 1 2 1 2 2 2 2 1 1 1 1 1 1 2 1 2 1 2 2 1 1 1 2 2 2 1 1 1 1 1 0 1 2 1 2 2 1 2 1 1 1 2 1 1 2 1 2 1 2 1 1 1 2 1 2 2 1 1 2 2 2 1 2 2 1 2 1 2 1 1 1 2 1 2 2 2 1 1 2 1 2 1 2 2 2 1 2 2 2 2 2 1 1 2
37: 2 1 2 1 2 2 2 1 1 1 2 2 2 2 1 2 1 1 2 2 2 2 1 1 1 1 1 2 2 1 1 2 1 1 2 1 1 0 1 2 2 1 2 2 2 1 1 2 1 1 1 2 2 2 1 1 2 1 1 2 2 2 1 2 2 1 1 1 1 2 2 1 2 1 1 1 1 1 1 1 2 1 1 2 1 2 1 2 1 1 2 1 2 2 2 2 2 2 2 2
38: 1 2 2 2 1 1 2 1 2 2 2 2 1 1 1 2 2 2 1 2 1 1 1 2 2 2 1 2 1 2 1 1 2 1 1 1 2 1 0 2 2 1 1 2 2 1 2 1 1 2 2 2 1 2 1 1 2 1 1 2 1 2 2 1 1 1 2 2 1 2 2 1 2 1 2 2 1 1 1 1 1 2 2 2 2 1 2 1 1 1 2 2 1 1 2 1 1 2 1 1
39: 2 1 1 1 2 2 1 1 2 2 1 1 2 1 2 2 2 2 1 1 1 2 2 2 1 1 2 2 2 2 1 2 2 1 1 2 1 2 2 0 2 1 1 2 1 1 2 1 1 1 2 2 1 1 2 1 2 1 2 2 1 2 2 1 1 1 1 2 2 2 2 1 1 1 2 1 2 2 2 1 2 2 1 2 1 1 1 2 2 2 1 2 1 1 1 2 1 1 2 1
40: 1 2 1 2 2 2 1 2 2 2 2 2 2 1 1 2 1 2 2 1 1 1 1 1 2 2 2 2 2 1 1 1 1 1 1 2 2 2 2 2 0 1 2 2 1 2 2 2 2 2 2 1 2 2 1 2 2 1 2 2 2 2 2 2 2 1 2 1 1 2 1 2 1 2 1 1 1 2 2 2 1 1 1 2 2 2 1 1 2 1 2 1 1 2 2 2 1 1 2 2
41: 1 1 2 1 2 1 1 1 2 2 1 2 1 1 1 2 1 2 2 2 2 1 1 2 2 1 1 1 1 1 2 2 1 1 1 1 2 1 1 1 1 0 1 1 2 1 2 1 2 2 1 1 1 1 2 1 2 1 1 2 2 1 2 1 1 2 1 2 1 2 2 1 2 2 2 2 2 1 1 1 1 2 2 1 2 2 2 2 1 2 2 1 1 1 1 1 2 1 2 1
42: 1 2 1 1 1 1 2 1 2 1 1 1 2 1 1 1 2 1 1 2 2 1 2 2 1 1 2 1 1 1 2 1 1 2 1 1 1 2 1 1 2 1 0 2 1 1 2 1 2 2 1 2 2 2 2 2 2 1 2 2 2 2 2 1 2 2 1 1 1 2 2 1 2 2 1 2 2 1 1 1 2 1 2 1 1 2 1 1 1 2 1 2 2 1 1 2 2 1 1 1
43: 1 2 1 2 1 1 2 1 2 1 2 1 2 2 1 1 2 1 2 1 2 2 2 1 1 1 2 1 1 1 1 1 1 1 2 1 2 2 2 2 2 1 2 0 1 2 2 1 1 2 1 2 1 2 1 2 1 1 1 1 2 1 2 2 1 2 1 1 2 2 1 2 2 1 1 1 1 2 2 1 2 2 2 1 1 1 2 2 2 1 2 1 2 1 1 1 1 2 2 1
44: 2 1 2 2 2 2 1 1 2 1 1 1 1 1 1 1 1 1 2 2 2 2 2 1 2 1 2 1 1 1 2 1 1 1 1 1 1 2 2 1 1 2 1 1 0 2 1 1 1 1 1 1 2 2 1 1 1 1 1 2 2 2 2 2 1 2 1 1 1 1 2 1 1 1 2 1 1 1 2 2 1 2 2 1 1 1 2 1 1 2 2 2 1 2 2 2 1 2 2 1
45: 1 1 1 2 1 1 1 2 1 1 2 2 1 1 1 1 1 1 2 2 1 2 2 1 1 2 1 1 1 1 2 2 1 2 1 2 1 1 1 1 2 1 1 2 2 0 1 1 1 2 2 1 2 2 1 1 1 2 1 2 2 2 1 1 1 2 1 1 2 1 1 1 1 2 2 2 2 2 1 1 1 1 2 2 2 2 2 2 1 2 2 1 2 1 2 1 1 2 2 1
46: 1 1 2 1 2 1 1 2 2 1 2 1 1 1 2 2 1 2 2 1 2 2 2 1 2 1 1 1 2 2 1 2 2 1 2 1 1 1 2 2 2 2 2 2 1 1 0 1 1 2 1 1 2 1 2 1 1 2 2 1 1 2 1 2 1 2 2 2 2 2 2 1 1 2 2 2 2 2 2 2 1 1 1 2 2 1 2 1 1 1 2 2 2 1 2 2 2 1 1 2
47: 2 2 1 1 1 2 2 1 1 2 1 2 2 2 2 1 2 2 1 2 2 2 2 1 2 2 2 2 1 2 1 2 2 2 2 2 2 2 1 1 2 1 1 1 1 1 1 0 2 1 1 2 1 1 1 2 2 1 1 2 2 2 2 1 2 2 1 1 2 2 1 1 2 2 2 1 2 2 2 1 2 1 1 2 1 1 1 2 2 2 2 2 2 1 2 1 1 2 2 1
48: 2 2 2 2 1 2 1 2 1 2 1 1 2 2 1 2 2 2 1 2 1 1 1 1 2 1 2 1 1 1 2 1 2 2 2 2 1 1 1 1 2 2 2 1 1 1 1 2 0 1 2 1 2 2 2 1 2 2 2 2 2 2 2 1 1 2 2 2 1 1 1 1 2 2 1 1 1 2 1 2 1 1 2 2 1 2 1 2 1 2 1 1 1 1 2 1 2 1 1 2
49: 2 2 2 2 2 1 1 2 1 1 1 1 2 1 2 1 2 2 2 2 2 1 2 2 2 1 1 2 1 1 2 1 1 2 2 2 1 1 2 1 2 2 2 2 1 2 2 1 1 0 2 2 1 1 2 2 1 1 2 1 1 1 1 1 1 2 2 1 2 1 1 2 1 2 1 2 2 2 1 1 1 1 2 2 2 2 1 1 2 2 2 2 1 1 2 1 1 1 1 2
50: 2 1 2 2 2 2 2 2 1 2 1 1 2 1 2 1 1 1 1 2 2 1 1 1 2 2 1 2 2 2 1 2 1 1 2 1 2 1 2 2 2 1 1 1 1 2 1 1 2 2 0 2 2 1 1 1 1 1 1 1 2 1 2 2 2 2 2 2 1 2 2 1 2 1 2 1 1 2 2 1 1 2 1 2 2 2 1 2 2 1 2 2 2 1 1 2 1 1 1 1
51: 1 2 1 1 1 2 2 1 1 1 2 2 2 1 1 1 1 2 2 2 1 1 2 1 2 2 2 1 1 1 1 1 2 1 1 2 1 2 2 2 1 1 2 2 1 1 1 2 1 2 2 0 2 2 2 1 1 1 1 2 1 1 1 1 2 1 1 2 2 1 1 1 2 2 1 2 1 1 1 2 2 2 1 2 1 1 1 2 2 1 2 1 1 2 2 1 2 2 2 1
52: 1 1 1 2 2 2 2 1 2 2 1 2 1 2 2 2 2 1 1 2 2 1 2 2 2 1 1 1 1 1 2 2 2 1 1 1 2 2 1 1 2 1 2 1 2 2 2 1 2 1 2 2 0 1 1 1 2 1 2 2 2 2 1 1 1 2 2 2 1 1 1 2 1 1 2 2 2 1 1 1 1 1 1 2 1 1 2 1 1 1 1 2 1 1 2 1 1 1 1 2
53: 1 1 1 2 2 1 1 1 1 1 1 2 1 1 1 2 1 2 2 2 2 1 1 1 2 2 1 1 2 1 2 2 1 2 1 2 1 2 2 1 2 1 2 2 2 2 1 1 2 1 1 2 1 0 1 2 2 1 1 2 2 2 2 2 2 1 2 1 1 2 2 2 1 1 2 1 1 2 2 2 2 2 1 2 1 2 2 1 1 2 1 2 1 1 2 1 2 1 1 2
54: 2 1 1 1 1 2 2 2 2 2 1 1 2 1 1 2 2 1 1 1 2 2 1 2 1 2 1 2 2 2 2 2 2 1 1 1 2 1 1 2 1 2 2 1 1 1 2 1 2 2 1 2 1 1 0 2 2 2 1 2 1 1 1 1 1 2 1 1 2 1 2 1 2 2 2 2 1 1 1 1 2 2 2 1 1 2 2 1 1 1 1 2 2 2 1 2 2 1 2 1
55: 2 1 2 2 1 2 1 1 1 1 1 1 1 1 1 2 1 2 2 2 1 1 1 1 1 1 2 1 1 1 1 1 1 1 2 2 1 1 1 1 2 1 2 2 1 1 1 2 1 2 1 1 1 2 2 0 2 1 1 2 1 2 1 2 2 1 1 1 1 1 1 2 1 2 2 1 1 2 1 2 1 2 1 1 2 2 1 1 2 2 1 1 1 1 2 1 2 1 2 1
56: 2 1 1 2 2 2 1 2 1 1 1 1 1 2 2 2 2 1 1 1 2 2 1 1 2 2 2 1 2 1 2 1 1 1 2 2 1 2 2 2 2 2 2 1 1 1 1 2 2 1 1 1 2 2 2 2 0 2 2 1 1 1 2 1 1 2 1 2 1 1 1 2 1 2 1 1 2 2 1 2 2 1 2 1 2 2 1 2 1 2 1 1 1 2 2 1 1 2 1 1
57: 2 1 1 1 1 1 1 2 2 1 1 1 2 1 2 1 2 2 1 2 1 1 1 2 1 1 1 2 1 2 2 2 1 1 1 1 1 1 1 1 1 1 1 1 1 2 2 1 2 1 1 1 1 1 2 1 2 0 1 1 2 2 2 2 1 2 2 1 1 1 2 2 1 1 2 1 1 2 1 2 1 2 2 2 2 2 2 2 1 1 2 1 2 1 1 1 2 2 1 2
58: 2 1 2 1 1 1 1 1 1 2 2 2 2 2 2 1 1 1 1 2 2 1 1 2 1 2 2 2 2 1 1 2 2 1 2 1 2 1 1 2 2 1 2 1 1 1 2 1 2 2 1 1 2 1 1 1 2 1 0 1 2 1 1 1 2 2 2 2 1 2 1 2 1 1 1 2 1 2 2 1 1 1 1 2 2 1 2 2 2 2 2 1 1 2 1 1 2 1 2 2
59: 2 2 2 2 1 2 1 1 2 1 2 2 1 2 1 2 2 1 1 2 2 2 1 2 2 1 1 2 1 2 2 1 2 1 2 2 1 2 2 2 2 2 2 1 2 2 1 2 2 1 1 2 2 2 2 2 1 1 1 0 1 1 1 1 2 1 2 2 1 1 2 2 2 2 2 2 2 2 1 2 1 2 1 1 1 2 1 2 2 2 1 1 1 1 1 1 1 2 1 1
60: 1 1 2 2 2 1 2 1 1 1 2 1 1 1 2 1 1 2 2 2 2 1 2 2 2 2 2 2 2 2 1 1 2 1 1 1 2 2 1 1 2 2 2 2 2 2 1 2 2 1 2 1 2 2 1 1 1 2 2 1 0 2 2 2 2 2 1 2 2 2 1 2 1 1 2 1 2 2 2 1 2 2 2 1 1 2 1 1 1 1 1 2 1 1 2 2 1 2 2 2
61: 1 2 2 1 2 2 1 1 1 2 1 2 1 1 2 1 2 1 2 1 1 1 2 2 2 1 2 2 2 2 1 1 2 2 2 1 2 2 2 2 2 1 2 1 2 2 2 2 2 1 1 1 2 2 1 2 1 2 1 1 2 0 1 2 1 2 2 1 1 2 2 1 2 2 2 2 2 1 2 1 1 1 2 2 1 1 2 1 1 2 2 1 2 1 2 1 1 1 2 1
62: 2 2 2 2 2 1 1 2 1 1 1 1 2 2 1 1 1 1 1 1 2 2 1 2 2 2 1 2 1 1 2 2 1 2 1 2 1 1 2 2 2 2 2 2 2 1 1 2 2 1 2 1 1 2 1 1 2 2 1 1 2 1 0 1 1 2 1 2 1 2 1 2 2 1 2 2 2 1 1 2 2 1 2 2 1 1 1 1 1 2 1 2 1 1 1 2 1 1 2 1
63: 1 2 1 1 1 2 1 2 1 2 1 1 1 2 1 1 2 2 2 1 2 2 1 1 2 2 1 1 1 2 2 2 1 1 1 2 1 2 1 1 2 1 1 2 2 1 2 1 1 1 2 1 1 2 1 2 1 2 1 1 2 2 1 0 2 1 1 2 1 1 2 2 2 2 2 1 2 1 2 1 2 1 1 1 1 2 1 1 2 1 1 1 1 1 2 2 1 1 1 1
64: 1 1 1 1 2 1 1 1 1 2 2 1 2 2 1 2 1 1 1 1 1 2 2 1 2 1 2 1 1 1 2 2 1 1 1 1 2 2 1 1 2 1 2 1 1 1 1 2 1 1 2 2 1 2 1 2 1 1 2 2 2 1 1 2 0 1 2 1 2 2 1 2 1 1 1 2 2 2 1 2 2 2 1 2 2 1 2 2 1 2 1 1 2 2 2 2 1 2 1 2
65: 1 1 1 1 1 2 2 2 2 2 1 1 1 2 1 1 2 1 1 1 1 2 2 2 1 2 2 1 2 2 1 1 1 1 1 2 2 1 1 1 1 2 2 2 2 2 2 2 2 2 2 1 2 1 2 1 2 2 2 1 2 2 2 1 1 0 2 2 2 1 2 2 1 1 1 1 2 2 1 2 2 2 2 2 2 1 2 1 2 1 2 1 1 2 1 1 2 1 1 1
66: 1 1 1 2 2 2 2 2 1 2 2 2 2 1 1 1 1 2 1 1 1 1 2 2 1 2 2 2 2 2 1 2 2 2 1 2 2 1 2 1 2 1 1 1 1 1 2 1 2 2 2 1 2 2 1 1 1 2 2 2 1 2 1 1 2 2 0 1 1 1 2 2 1 2 1 2 2 2 1 2 1 1 2 2 2 1 2 1 1 2 1 2 1 2 2 2 2 2 2 1
67: 2 2 2 1 1 2 1 2 1 1 2 2 2 1 1 1 2 2 1 1 1 1 1 1 1 1 2 2 1 2 1 1 1 2 1 2 1 1 2 2 1 2 1 1 1 1 2 1 2 1 2 2 2 1 1 1 2 1 2 2 2 1 2 2 1 2 1 0 2 2 2 1 2 2 1 2 2 1 1 1 1 2 2 1 2 1 2 2 2 2 2 1 1 2 2 1 2 1 2 2
68: 2 2 2 1 1 2 2 2 1 1 2 2 1 2 2 2 1 1 1 1 1 1 2 1 1 2 2 2 1 1 2 2 1 2 2 1 2 1 1 2 1 1 1 2 1 2 2 2 1 2 1 2 1 1 2 1 1 1 1 1 2 1 1 1 2 2 1 2 0 2 2 1 2 1 1 2 1 2 2 1 1 1 1 1 2 2 2 2 1 2 2 1 1 2 2 1 1 1 2 2
69: 2 1 1 2 2 2 1 1 1 1 2 1 2 1 2 1 1 1 1 1 1 2 1 2 1 1 1 2 1 2 2 1 1 2 2 2 2 2 2 2 2 2 2 2 1 1 2 2 1 1 2 1 1 2 1 1 1 1 2 1 2 2 2 1 2 1 1 2 2 0 2 1 2 2 2 1 1 1 2 1 1 2 1 1 1 2 2 1 2 1 1 1 2 1 2 2 1 1 2 2
70: 2 2 2 1 1 2 2 1 2 2 2 2 2 1 1 1 2 2 2 2 2 2 1 2 2 1 2 2 1 1 1 1 1 1 1 2 1 2 2 2 1 2 2 1 2 1 2 1 1 1 2 1 1 2 2 1 1 2 1 2 1 2 1 2 1 2 2 2 2 2 0 2 2 1 1 2 2 2 1 1 1 1 1 2 2 1 2 1 1 1 2 2 1 1 2 1 1 1 1 2
71: 2 2 2 1 2 1 1 1 2 2 2 1 1 1 2 2 2 1 1 1 1 1 2 1 1 2 1 1 2 2 1 1 2 2 2 1 2 1 1 1 2 1 1 2 1 1 1 1 1 2 1 1 2 2 1 2 2 2 2 2 2 1 2 2 2 2 2 1 1 1 2 0 2 1 2 2 2 1 2 1 2 2 1 1 1 1 2 1 1 2 1 1 1 2 2 2 2 2 2 1
72: 1 2 1 1 1 1 2 2 2 2 2 2 1 2 1 1 2 1 1 1 1 1 1 2 2 2 1 1 2 2 1 2 1 2 1 2 1 2 2 1 1 2 2 2 1 1 1 2 2 1 2 2 1 1 2 1 1 1 1 2 1 2 2 2 1 1 1 2 2 2 2 2 0 1 2 2 2 2 2 1 1 2 1 2 1 1 2 2 2 2 1 2 2 1 2 2 2 2 1 1
73: 1 2 2 1 1 1 1 1 1 2 2 1 2 2 1 1 2 2 1 2 2 1 1 2 2 1 2 2 1 1 2 1 1 2 2 2 2 1 1 1 2 2 2 1 1 2 2 2 2 2 1 2 1 1 2 2 2 1 1 2 1 2 1 2 1 1 2 2 1 2 1 1 1 0 2 1 2 2 2 2 1 2 2 1 1 2 2 1 1 2 1 2 1 1 1 1 1 2 1 1
74: 1 1 1 1 1 1 1 2 2 1 1 2 2 2 2 1 2 1 1 2 2 1 2 1 1 2 1 1 1 2 2 1 2 2 2 1 1 1 2 2 1 2 1 1 2 2 2 2 1 1 2 1 2 2 2 2 1 2 1 2 2 2 2 2 1 1 1 1 1 2 1 2 2 2 0 2 1 2 1 1 1 1 1 1 2 2 2 2 2 2 2 2 2 1 1 2 1 1 1 2
75: 1 1 1 2 1 2 2 1 1 1 1 1 2 1 2 2 1 1 2 1 2 2 1 1 1 1 2 1 2 1 2 2 2 2 1 2 1 1 2 1 1 2 2 1 1 2 2 1 1 2 1 2 2 1 2 1 1 1 2 2 1 2 2 1 2 1 2 2 2 1 2 2 2 1 2 0 2 2 2 1 2 1 2 1 2 2 1 1 2 1 1 1 2 1 1 2 1 1 1 2
76: 1 1 2 1 1 2 1 1 1 2 2 1 2 2 2 2 2 1 1 1 2 1 1 2 2 2 1 2 1 2 2 1 1 1 2 1 1 1 1 2 1 2 2 1 1 2 2 2 1 2 1 1 2 1 1 1 2 1 1 2 2 2 2 2 2 2 2 2 1 1 2 2 2 2 1 2 0 1 1 1 2 1 2 2 2 1 1 2 2 1 1 2 2 2 1 2 1 1 2 1
77: 1 1 1 1 2 1 1 2 2 2 1 1 2 2 2 2 2 2 2 1 2 1 1 2 2 2 1 2 1 2 2 1 2 2 2 1 2 1 1 2 2 1 1 2 1 2 2 2 2 2 2 1 1 2 1 2 2 2 2 2 2 1 1 1 2 2 2 1 2 1 2 1 2 2 2 2 1 0 2 2 2 1 1 2 1 1 2 1 1 1 1 1 2 2 2 2 2 2 2 2
78: 1 1 1 2 1 1 2 1 1 2 2 2 2 1 2 1 2 1 2 1 2 1 1 2 1 1 2 1 2 2 1 2 1 2 1 2 1 1 1 2 2 1 1 2 2 1 2 2 1 1 2 1 1 2 1 1 1 1 2 1 2 2 1 2 1 1 1 1 2 2 1 2 2 2 1 2 1 2 0 2 1 1 2 1 2 1 1 2 1 2 1 2 2 1 1 2 1 2 1 1
79: 2 2 2 1 1 2 1 1 1 1 1 2 1 2 2 1 1 1 1 1 1 1 1 1 1 2 2 1 2 1 1 2 1 1 1 2 2 1 1 1 2 1 1 1 2 1 2 1 2 1 1 2 1 2 1 2 2 2 1 2 1 1 2 1 2 2 2 1 1 1 1 1 1 2 1 1 1 2 2 0 2 2 1 2 2 2 2 2 1 2 1 2 1 2 1 1 2 2 1 2
80: 2 1 2 1 1 1 2 1 1 2 2 2 2 1 1 1 2 2 2 2 1 1 2 2 1 1 1 2 1 1 1 2 1 2 1 1 2 2 1 2 1 1 2 2 1 1 1 2 1 1 1 2 1 2 2 1 2 1 1 1 2 1 2 2 2 2 1 1 1 1 1 2 1 1 1 2 2 2 1 2 0 1 1 1 2 1 1 1 1 1 2 2 2 2 2 1 1 1 1 1
81: 1 1 2 2 2 1 2 2 2 1 1 2 2 1 2 1 2 1 1 2 1 1 2 1 2 2 2 2 2 1 1 1 2 1 1 2 2 1 2 2 1 2 1 2 2 1 1 1 1 1 2 2 1 2 2 2 1 2 1 2 2 1 1 1 2 2 1 2 1 2 1 2 2 2 1 1 1 1 1 2 1 0 1 2 2 1 2 1 1 2 2 1 2 2 2 2 2 2 2 1
82: 2 2 1 1 1 1 1 1 2 2 2 1 1 2 1 2 1 2 1 2 2 1 1 1 2 1 2 1 1 2 1 1 2 2 2 2 1 1 2 1 1 2 2 2 2 2 1 1 2 2 1 1 1 1 2 1 2 2 1 1 2 2 2 1 1 2 2 2 1 1 1 1 1 2 1 2 2 1 2 1 1 1 0 2 1 1 2 2 2 2 1 2 1 2 1 1 1 2 2 2
83: 2 1 1 1 2 1 1 1 1 2 2 1 1 1 1 2 2 2 2 2 1 1 2 1 1 2 1 1 1 1 2 1 2 2 2 2 1 2 2 2 2 1 1 1 1 2 2 2 2 2 2 2 2 2 1 1 1 2 2 1 1 2 2 1 2 2 2 1 1 1 2 1 2 1 1 1 2 2 1 2 1 2 2 0 2 1 1 2 1 2 1 2 2 2 1 2 2 1 2 1
84: 2 1 1 2 2 1 2 2 1 1 1 2 1 1 2 1 1 1 1 2 2 2 2 1 2 1 1 1 1 1 2 1 2 1 2 2 2 1 2 1 2 2 1 1 1 2 2 1 1 2 2 1 1 1 1 2 2 2 2 1 1 1 1 1 2 2 2 2 2 1 2 1 1 1 2 2 2 1 2 2 2 2 1 2 0 2 1 2 2 1 2 1 2 2 2 2 1 2 2 2
85: 2 2 1 1 2 2 2 2 2 1 2 1 1 1 1 2 2 2 1 2 2 2 1 2 1 2 1 1 2 1 2 2 1 2 1 1 1 2 1 1 2 2 2 1 1 2 1 1 2 2 2 1 1 2 2 2 2 2 1 2 2 1 1 2 1 1 1 1 2 2 1 1 1 2 2 2 1 1 1 2 1 1 1 1 2 0 1 2 1 2 1 2 1 1 1 1 1 1 2 2
86: 2 1 1 2 2 2 2 1 2 1 2 1 2 1 2 1 2 2 1 1 1 1 1 2 2 1 1 1 1 2 1 1 1 1 1 1 2 1 2 1 1 2 1 2 2 2 2 1 1 1 1 1 2 2 2 1 1 2 2 1 1 2 1 1 2 2 2 2 2 2 2 2 2 2 2 1 1 2 1 2 1 2 2 1 1 1 0 2 1 1 2 2 1 1 2 2 2 2 2 1
87: 1 1 1 2 2 2 1 2 1 2 1 2 2 1 1 1 2 2 1 2 1 2 1 2 2 1 2 2 2 2 2 1 2 1 1 2 1 2 1 2 1 2 1 2 1 2 1 2 2 1 2 2 1 1 1 1 2 2 2 2 1 1 1 1 2 1 1 2 2 1 1 1 2 1 2 1 2 1 2 2 1 1 2 2 2 2 2 0 1 2 2 2 1 2 1 1 2 1 1 1
88: 2 1 1 2 1 2 1 1 2 2 2 1 2 2 1 2 2 1 1 1 1 2 2 2 1 2 1 1 1 1 1 1 2 2 1 1 2 1 1 2 2 1 1 2 1 1 1 2 1 2 2 2 1 1 1 2 1 1 2 2 1 1 1 2 1 2 1 2 1 2 1 1 2 1 2 2 2 1 1 1 1 1 2 1 2 1 1 1 0 1 2 1 1 1 2 1 2 1 2 1
89: 2 2 2 1 1 2 2 2 2 1 2 2 1 1 1 2 1 1 1 2 2 2 2 2 1 2 1 1 1 1 1 2 1 1 1 1 2 1 1 2 1 2 2 1 2 2 1 2 2 2 1 1 1 2 1 2 2 1 2 2 1 2 2 1 2 1 2 2 2 1 1 2 2 2 2 1 1 1 2 2 1 2 2 2 1 2 1 2 1 0 1 1 2 2 1 1 1 1 1 2
90: 1 1 1 2 1 2 2 1 1 2 1 1 2 1 2 2 2 2 2 2 1 1 2 2 1 2 2 1 2 2 1 1 2 2 2 1 2 2 2 1 2 2 1 2 2 2 2 2 1 2 2 2 1 1 1 1 1 2 2 1 1 2 1 1 1 2 1 2 2 1 2 1 1 1 2 1 1 1 1 1 2 2 1 1 2 1 2 2 2 1 0 1 2 1 1 1 2 2 1 2
91: 1 1 1 2 1 2 1 1 2 1 1 2 2 1 1 1 2 2 2 2 2 2 1 2 1 1 2 1 1 2 1 1 1 2 2 2 1 1 2 2 1 1 2 1 2 1 2 2 1 2 2 1 2 2 2 1 1 1 1 1 2 1 2 1 1 1 2 1 1 1 2 1 2 2 2 1 2 1 2 2 2 1 2 2 1 2 2 2 1 1 1 0 1 1 1 2 2 1 1 2
92: 1 2 1 1 1 1 1 2 1 1 1 1 1 1 1 2 1 2 2 2 2 1 2 1 1 2 1 1 1 1 2 1 2 1 1 1 2 2 1 1 1 1 2 2 1 2 2 2 1 1 2 1 1 1 2 1 1 2 1 1 1 2 1 1 2 1 1 1 1 2 1 1 2 1 2 2 2 2 2 1 2 2 1 2 2 1 1 1 1 2 2 1 0 2 2 1 1 1 2 2
93: 1 1 1 1 2 2 1 2 1 2 1 1 2 2 2 2 2 1 1 1 1 1 2 2 1 2 2 1 1 2 1 1 2 2 1 2 2 2 1 1 2 1 1 1 2 1 1 1 1 1 1 2 1 1 2 1 2 1 2 1 1 1 1 1 2 2 2 2 2 1 1 2 1 1 1 1 2 2 1 2 2 2 2 2 2 1 1 2 1 2 1 1 2 0 2 1 2 2 2 2
94: 2 1 1 2 1 2 2 2 2 1 2 2 2 2 1 1 1 1 2 2 2 2 2 1 1 1 1 1 1 2 1 2 2 1 2 1 2 2 2 1 2 1 1 1 2 2 2 2 2 2 1 2 2 2 1 2 2 1 1 1 2 2 1 2 2 1 2 2 2 2 2 2 2 1 1 1 1 2 1 1 2 2 1 1 2 1 2 1 2 1 1 1 2 2 0 2 2 2 1 2
95: 1 1 2 2 2 2 2 2 2 1 1 1 1 1 1 2 1 2 1 2 1 1 2 1 1 2 1 2 2 2 1 2 1 2 1 2 2 2 1 2 2 1 2 1 2 1 2 1 1 1 2 1 1 1 2 1 1 1 1 1 2 1 2 2 2 1 2 1 1 2 1 2 2 1 2 2 2 2 2 1 1 2 1 2 2 1 2 1 1 1 1 2 1 1 2 0 2 2 1 1
96: 2 1 1 1 1 2 1 2 2 1 2 1 1 2 1 1 2 1 1 1 2 2 2 1 1 2 1 2 1 2 1 2 2 1 2 1 2 2 1 1 1 2 2 1 1 1 2 1 2 1 1 2 1 2 2 2 1 2 2 1 1 1 1 1 1 2 2 2 1 1 1 2 2 1 1 1 1 2 1 2 1 2 1 2 1 1 2 2 2 1 2 2 1 2 2 2 0 1 2 2
97: 2 2 1 2 2 2 1 2 2 1 1 1 2 1 2 1 2 2 1 2 1 1 2 1 2 1 1 2 1 1 2 2 1 2 2 1 1 2 2 1 1 1 1 2 2 2 1 2 1 1 1 2 1 1 1 1 2 2 1 2 2 1 1 1 2 1 2 1 1 1 1 2 2 2 1 1 1 2 2 2 1 2 2 1 2 1 2 1 1 1 2 1 1 2 2 2 1 0 1 2
98: 1 1 1 2 1 2 2 1 1 2 1 2 2 2 2 2 1 2 1 1 2 1 1 1 1 2 1 2 2 2 2 1 1 2 1 1 1 2 1 2 2 2 1 2 2 2 1 2 1 1 1 2 1 1 2 2 1 1 2 1 2 2 2 1 1 1 2 2 2 2 1 2 1 1 1 1 2 2 1 1 1 2 2 2 2 2 2 1 2 1 1 1 2 2 1 1 2 1 0 1
99: 2 2 1 2 1 2 1 2 2 1 2 1 2 2 1 2 2 2 1 2 2 1 1 1 1 1 2 2 2 2 1 1 1 1 2 2 2 2 1 1 2 1 1 1 1 1 2 1 2 2 1 1 2 2 1 1 1 2 2 1 2 1 1 1 2 1 1 2 2 2 2 1 1 1 2 2 1 2 1 2 1 1 2 1 2 2 1 1 1 2 2 2 2 2 2 1 2 2 1 0
