100 50 198

0: 0 0 1 0 0 0 0 0 0 0 0 0 1 0 0 0 0 0 0 0 0 0 0 0 0 0 0 0 0 0 0 0 0 0 0 0 0 0 0 0 0 0 0 0 0 1 0 0 0 0 0 1 0 0 0 0 0 0 0 0 0 0 0 0 0 0 0 0 0 0 0 0 0 0 1 0 1 1 0 0 0 0 0 0 0 1 0 0 1 0 0 0 0 0 0 0 0 0 0 0
1: 0 0 0 1 0 0 0 0 0 0 1 0 0 0 0 0 1 0 0 1 0 1 1 0 0 0 1 0 0 0 0 0 0 0 0 0 0 0 0 0 0 0 0 0 0 0 0 0 0 0 0 1 0 0 0 0 0 0 0 0 0 1 0 1 1 0 0 0 0 1 0 1 0 1 1 0 0 0 0 0 0 1 0 0 0 1 0 0 0 0 0 0 0 0 0 0 0 0 0 0
2: 1 0 0 0 0 0 0 0 0 0 0 0 0 0 0 0 0 0 0 0 0 0 0 0 0 0 0 0 0 0 0 1 0 0 0 1 0 0 0 0 0 0 1 0 0 0 0 1 0 0 0 0 0 0 0 1 0 0 0 1 0 0 0 0 0 1 0 1 0 0 0 0 0 0 0 0 0 0 0 0 0 0 0 0 0 0 0 1 0 1 0 0 0 1 0 0 0 0 0 0
3: 1 0 0 0 0 0 1 1 0 0 0 0 0 0 0 0 0 0 0 0 0 1 0 0 0 0 0 1 0 0 0 0 0 1 0 0 0 0 0 0 0 0 0 0 0 0 0 0 0 0 0 0 0 0 0 0 0 0 0 0 0 0 0 0 0 0 1 0 0 0 0 0 0 0 0 0 0 0 0 0 0 0 0 0 0 0 0 1 0 0 0 0 0 0 0 0 0 1 0 0
4: 0 1 0 1 0 0 0 0 0 0 0 0 0 0 0 0 0 0 0 0 0 0 0 0 0 0 0 0 0 0 0 0 0 0 0 0 0 0 0 0 0 0 0 1 0 0 0 0 0 0 0 0 0 0 1 1 0 0 1 0 0 0 0 0 0 0 0 0 0 0 0 0 0 0 0 0 0 0 0 0 0 0 0 0 0 0 0 0 0 0 1 0 0 0 1 0 0 0 0 0
5: 0 0 0 0 0 0 0 0 1 0 0 0 1 0 0 0 0 0 0 0 0 0 0 0 0 0 0 0 0 0 0 0 0 0 0 0 0 0 0 0 0 0 1 0 0 0 0 0 0 0 0 0 0 0 0 0 0 1 0 0 0 0 0 0 0 0 1 0 1 0 0 0 0 0 0 0 0 0 0 0 0 0 1 0 0 0 0 0 0 0 0 0 1 0 0 0 0 0 0 0
6: 0 0 0 0 0 0 1 0 0 0 0 0 0 0 0 0 0 0 1 0 1 0 0 0 0 0 0 1 0 0 0 0 0 0 0 0 0 0 0 0 0 0 0 1 0 0 0 0 0 0 0 0 0 0 0 0 0 0 1 0 1 0 0 0 0 0 0 0 0 0 0 0 0 0 0 0 1 0 0 0 0 0 1 0 0 0 0 0 0 0 0 0 0 0 0 0 0 0 0 0
7: 1 0 0 0 0 0 0 0 0 0 0 0 1 0 0 0 0 1 0 0 0 0 0 0 1 1 1 0 0 0 1 1 0 0 0 0 0 0 0 0 0 0 0 0 1 1 0 0 0 0 0 0 0 0 0 0 0 0 0 0 0 0 0 0 0 0 0 0 0 0 0 0 0 0 1 0 0 0 0 0 0 0 0 1 0 1 0 0 0 0 0 0 0 0 0 0 0 0 1 0
8: 0 0 0 0 0 0 0 0 0 0 0 0 0 0 0 0 0 0 0 0 0 0 0 0 0 0 0 0 0 0 0 0 0 0 1 0 0 0 0 0 0 0 0 0 0 0 0 0 0 0 1 0 0 0 0 0 0 0 0 0 0 0 0 0 0 0 0 0 0 0 0 0 0 0 0 0 0 0 0 0 0 0 0 0 0 0 0 1 0 0 0 0 0 1 0 0 0 0 0 0
9: 0 0 0 0 0 0 1 0 0 0 0 0 0 0 0 0 0 0 0 0 0 0 0 0 0 0 0 0 0 0 0 0 0 0 0 1 0 0 0 0 0 0 0 0 0 0 1 0 0 0 0 0 0 0 0 0 0 0 0 0 0 0 0 0 0 0 0 1 0 0 0 0 0 0 0 0 0 0 1 0 0 0 0 0 0 0 0 0 0 0 0 0 0 0 0 0 0 0 0 0
10: 1 0 1 0 0 0 0 0 0 0 0 0 0 0 0 0 0 1 0 0 0 0 0 0 0 0 0 0 0 0 0 0 1 0 0 0 0 0 0 0 0 0 0 0 0 0 1 1 0 0 0 0 0 1 0 0 0 0 0 0 0 0 0 0 0 0 0 0 0 0 1 0 1 0 0 1 0 0 1 0 0 1 0 0 0 1 0 0 0 0 0 0 0 0 0 0 1 0 0 1
11: 0 0 0 0 0 0 0 0 0 0 0 0 0 0 0 0 0 0 0 0 0 0 1 0 0 0 0 0 0 0 1 0 0 0 0 0 0 0 0 0 1 0 0 0 0 0 0 0 0 0 0 0 0 0 0 0 0 1 0 0 0 0 0 0 0 0 0 0 0 0 0 0 0 0 0 1 0 1 0 0 0 1 0 0 0 0 0 0 0 0 0 0 0 0 0 0 1 0 0 0
12: 0 0 0 0 0 0 1 0 0 0 0 0 0 0 0 0 1 1 0 1 0 0 0 0 0 0 0 1 0 1 0 0 0 1 1 0 1 0 0 0 0 0 0 0 0 0 0 0 0 0 0 0 0 1 0 0 0 0 0 0 0 0 1 0 0 0 0 0 1 0 0 0 0 0 0 0 0 1 0 0 0 0 0 0 0 0 1 0 1 0 0 1 0 0 0 0 0 0 0 0
13: 0 0 1 0 0 1 0 0 0 0 0 0 0 0 0 0 0 0 0 0 0 0 0 0 0 0 1 0 0 0 0 0 0 0 0 0 1 0 0 0 0 0 0 0 0 0 0 0 0 0 0 1 0 0 0 0 0 0 0 0 0 0 0 1 0 0 0 0 0 1 0 0 1 0 0 0 0 0 0 0 0 0 0 0 0 0 0 0 0 0 0 0 0 0 0 0 0 0 0 1
14: 1 0 1 0 0 0 0 0 0 0 0 0 0 0 1 0 0 0 1 0 0 0 0 0 0 0 0 0 0 0 0 0 0 0 0 0 0 1 0 0 1 1 0 0 0 0 0 0 1 0 1 1 0 0 0 0 0 0 1 0 0 0 0 0 0 0 0 0 1 0 0 1 0 0 0 0 0 0 0 0 0 0 1 0 0 0 0 1 0 0 0 0 0 1 0 0 0 0 0 0
15: 0 0 0 0 0 0 0 0 0 0 0 0 0 0 0 1 0 0 0 0 0 0 1 0 0 0 0 0 1 0 0 0 0 1 0 0 0 0 0 0 0 0 0 1 0 0 0 1 1 0 0 0 0 0 0 0 0 1 0 0 0 0 0 0 0 0 1 0 0 0 0 1 0 0 0 0 0 0 0 0 1 0 0 0 0 0 0 0 0 0 1 0 0 0 0 0 0 0 0 0
16: 0 0 0 0 0 0 0 1 0 0 0 0 0 0 0 0 0 0 0 0 0 0 0 0 0 0 0 0 0 0 0 0 0 0 0 0 0 0 0 0 0 0 0 0 0 1 0 1 0 0 0 0 0 1 0 0 0 0 0 1 0 0 0 0 0 0 0 0 0 1 0 0 0 0 1 1 0 0 0 0 0 0 0 0 0 0 0 0 0 0 0 1 0 0 0 0 0 1 0 0
17: 0 0 0 0 0 1 1 1 0 0 0 0 0 0 0 0 0 0 0 0 0 0 0 0 0 0 0 0 0 0 0 0 0 0 0 0 0 1 1 0 0 0 0 0 0 0 1 0 0 0 0 0 1 0 1 0 0 0 0 0 0 1 0 0 0 0 0 0 0 0 0 0 0 0 0 0 0 0 1 0 0 0 0 0 0 0 0 0 0 0 0 1 0 0 0 0 0 0 0 1
18: 1 0 0 0 0 0 0 0 0 0 0 0 0 0 0 0 0 0 0 0 0 0 0 0 0 0 0 0 0 0 1 0 0 0 1 0 0 0 0 0 0 0 0 0 0 0 0 1 0 0 1 0 0 0 0 0 0 0 0 0 0 0 0 0 1 0 0 0 0 0 0 0 0 0 0 0 0 0 0 1 1 0 1 0 0 0 0 0 0 0 0 0 0 1 0 0 0 0 0 0
19: 0 0 0 0 0 0 0 0 0 0 0 0 0 0 0 0 0 0 0 0 0 0 0 0 0 0 0 0 0 0 0 0 0 0 0 0 0 0 0 0 1 0 0 0 0 0 0 0 0 0 0 0 0 0 0 0 1 1 0 0 0 0 1 0 0 0 0 1 0 0 0 0 0 1 0 0 0 0 0 0 0 0 0 0 0 0 0 1 0 0 0 0 0 0 0 0 0 0 0 0
20: 0 0 0 0 0 0 1 0 0 0 0 1 0 0 1 0 0 0 0 0 0 0 1 0 0 0 0 1 0 0 0 1 0 0 0 0 1 0 0 0 0 0 0 0 0 0 0 1 0 0 1 0 0 0 0 1 0 0 0 0 0 0 0 0 0 0 0 0 0 0 1 1 0 0 0 0 0 0 0 0 0 0 0 0 0 0 0 0 0 0 0 0 0 1 0 0 0 0 0 0
21: 0 0 0 0 0 0 0 0 0 0 0 0 0 0 0 0 0 0 1 0 0 0 0 0 0 1 0 0 0 0 0 0 0 0 0 0 0 0 0 0 0 0 0 0 0 0 0 0 0 0 0 0 0 0 0 0 0 0 0 0 0 0 0 0 0 0 1 0 0 0 0 0 0 0 0 0 0 0 0 0 0 1 0 0 0 0 0 0 1 0 0 0 0 0 0 0 0 0 0 0
22: 0 0 0 0 1 0 0 0 0 0 1 0 0 0 0 0 0 0 1 1 0 0 0 0 0 0 0 0 0 0 0 1 0 0 0 0 1 0 0 0 0 0 0 0 0 0 0 0 0 0 0 0 0 0 0 0 0 1 0 0 0 0 0 0 0 0 0 0 0 0 0 0 0 0 0 0 1 0 0 0 0 0 0 0 0 0 0 0 0 0 0 0 0 0 0 0 1 0 0 0
23: 1 0 0 1 0 0 0 0 0 0 0 0 0 0 0 1 0 1 0 1 0 0 1 1 0 0 0 0 0 0 0 0 0 0 0 0 0 0 0 0 0 0 0 0 0 0 0 0 0 0 0 1 0 0 0 0 0 0 0 0 0 0 0 0 0 0 0 0 0 0 0 0 0 0 0 0 1 0 0 0 0 0 1 0 0 0 0 0 0 0 0 1 0 0 0 0 0 0 0 0
24: 0 0 0 0 0 0 0 1 0 0 1 0 0 0 1 0 0 0 0 0 0 0 0 1 0 0 0 0 0 0 0 0 0 0 0 0 0 0 0 0 0 0 0 0 0 0 0 0 0 0 0 0 0 0 0 0 0 0 0 0 0 0 0 0 0 0 0 0 0 0 0 0 0 0 0 1 1 1 0 0 0 0 0 0 0 0 0 0 0 0 0 0 0 0 0 0 0 0 0 0
25: 0 0 0 0 1 0 0 0 0 0 0 0 0 0 0 0 0 0 0 0 0 0 0 0 0 0 0 0 0 0 0 0 0 1 1 0 0 0 0 0 0 0 0 0 0 0 0 0 0 0 0 0 0 1 0 0 0 1 0 0 0 1 0 0 1 0 0 1 1 0 0 0 0 0 0 0 0 0 0 0 0 0 0 0 0 1 0 0 0 0 0 0 0 0 0 0 0 0 1 0
26: 0 0 0 0 1 0 0 1 0 0 0 0 0 0 0 0 0 0 0 0 0 1 0 0 1 0 0 0 0 0 0 0 0 0 0 0 0 0 0 0 0 0 0 1 0 0 0 1 1 1 0 0 0 0 0 0 0 1 1 0 0 1 0 0 0 0 0 0 0 0 0 1 0 0 0 0 0 0 0 0 0 0 0 0 0 0 0 0 0 0 0 0 0 0 1 0 0 0 0 0
27: 0 0 0 0 0 1 1 0 0 0 0 0 0 0 0 0 1 0 0 0 0 0 0 0 0 0 0 0 0 0 0 0 1 0 0 0 0 0 0 0 0 0 0 0 0 0 0 0 0 0 1 0 0 0 0 0 0 0 0 0 0 0 0 0 0 0 0 0 0 0 0 0 0 0 0 0 0 0 0 0 0 0 0 0 0 0 1 0 0 1 0 0 0 0 0 0 0 0 0 0
28: 0 0 0 0 0 0 0 0 0 0 0 1 0 0 0 0 0 0 0 0 0 0 0 0 0 0 0 0 0 0 1 0 1 0 0 0 0 0 0 1 0 0 0 0 0 0 0 0 0 0 0 0 0 1 0 0 0 0 0 0 0 0 0 1 0 0 0 0 0 0 0 0 1 0 0 0 0 0 0 1 0 1 0 0 0 0 0 0 0 0 0 0 0 0 0 0 0 0 0 0
29: 0 1 0 0 0 0 0 0 0 0 0 0 0 0 0 0 1 0 0 0 0 0 0 1 0 0 0 0 1 1 0 0 1 1 0 0 0 1 0 0 0 0 0 0 0 0 0 0 0 0 0 0 0 0 0 0 0 0 0 0 0 0 0 0 0 0 0 0 0 0 0 0 0 0 0 0 0 1 0 0 0 0 0 0 0 0 0 1 0 0 0 0 0 0 0 0 0 0 0 0
30: 0 0 0 0 0 0 1 1 0 0 0 0 0 1 0 0 0 0 1 0 0 0 0 0 0 0 0 0 0 0 0 0 0 0 0 0 0 1 0 0 0 0 0 0 0 1 0 0 0 0 0 0 0 1 0 0 0 0 0 1 0 0 0 0 0 0 0 0 1 0 0 0 0 0 0 0 0 0 0 0 0 0 0 0 0 0 0 0 0 0 0 0 0 0 0 0 0 0 0 0
31: 0 0 0 0 0 0 0 0 1 0 0 1 0 0 0 1 0 0 0 1 0 0 1 0 0 0 1 0 0 0 0 1 0 0 0 0 0 0 0 0 0 0 0 0 0 0 0 0 0 0 0 0 0 0 0 0 1 0 0 0 0 0 0 1 1 0 0 0 0 0 0 0 0 1 0 0 0 0 0 0 0 0 0 0 0 0 0 0 0 0 0 0 0 0 0 0 0 1 1 0
32: 0 0 0 1 0 0 1 1 0 0 0 0 0 0 0 0 0 0 0 0 0 0 0 0 0 0 1 0 0 0 0 0 0 0 0 0 1 0 0 0 0 0 0 0 0 0 0 0 0 0 0 0 0 0 0 0 0 0 0 0 0 0 0 0 0 0 0 0 0 0 0 0 0 0 0 0 0 1 0 0 0 0 0 0 0 0 0 1 0 0 0 0 0 0 1 0 0 0 0 0
33: 0 0 0 0 0 0 1 0 0 0 0 0 1 0 0 0 0 0 0 1 0 0 0 0 0 0 0 0 1 0 0 0 0 0 0 0 0 0 0 0 0 0 0 0 0 0 0 0 0 0 0 0 0 0 0 0 0 0 0 0 0 0 0 0 0 0 0 0 1 0 1 1 0 0 0 0 0 0 0 0 0 0 0 0 0 0 0 0 0 0 1 0 0 0 0 0 0 0 0 0
34: 0 0 1 0 0 0 0 0 0 0 0 0 0 1 0 0 0 0 0 0 0 0 0 0 0 0 0 0 0 0 1 0 0 0 0 0 0 0 0 0 0 0 0 0 0 0 0 0 0 0 0 0 0 0 0 0 0 0 0 0 0 0 0 0 0 0 0 0 0 0 0 0 0 1 0 0 0 0 0 0 0 0 0 0 1 0 0 0 0 0 0 0 0 1 0 0 0 0 0 0
35: 0 0 0 0 0 1 0 0 0 1 0 0 0 0 0 0 0 0 0 0 0 0 1 0 0 0 0 0 1 0 1 1 0 0 0 1 0 0 0 0 0 0 0 0 0 0 0 0 1 0 1 0 0 0 0 0 0 0 0 1 0 0 0 0 0 0 0 0 0 0 0 0 0 0 0 0 0 0 1 0 0 0 0 0 0 0 0 0 0 0 0 0 0 0 1 0 0 0 0 0
36: 0 0 0 0 0 0 0 0 0 1 0 0 0 0 0 0 0 0 0 0 0 0 0 0 0 0 0 1 0 0 0 0 0 0 0 0 0 0 0 0 0 1 0 0 0 0 0 0 0 0 0 0 0 0 0 0 0 0 0 1 0 0 0 0 0 0 0 0 0 0 0 0 0 0 0 0 1 0 0 0 1 0 0 0 1 0 0 0 0 0 0 0 0 0 0 0 0 0 0 0
37: 0 0 0 0 0 0 0 0 0 0 1 0 0 0 0 0 0 0 0 0 0 0 0 0 0 0 0 0 0 0 1 0 0 0 0 0 0 0 1 1 0 0 0 0 0 1 0 0 0 0 1 0 0 0 0 0 0 0 0 0 1 0 0 0 0 0 0 0 0 0 0 0 0 1 0 1 0 0 0 0 0 0 0 0 0 0 0 0 0 0 0 1 1 0 0 0 0 0 0 0
38: 1 0 0 0 0 0 0 0 0 0 0 0 0 0 0 0 0 0 0 0 0 0 0 0 0 0 1 0 0 0 0 0 1 0 0 0 0 0 1 1 0 0 1 0 0 0 0 0 0 0 0 1 0 0 0 0 0 0 0 0 0 0 0 0 0 0 0 0 0 0 0 0 0 0 0 0 1 0 0 0 0 1 0 0 0 0 0 0 0 0 0 1 0 0 0 0 0 0 0 0
39: 0 0 0 0 0 0 0 0 0 0 0 1 0 0 0 0 0 1 0 0 0 0 0 0 0 0 0 0 0 0 0 0 0 0 0 0 0 0 0 0 0 1 0 0 1 0 1 0 0 0 0 0 1 0 0 0 0 0 0 0 0 0 0 0 0 0 0 0 0 0 0 0 0 0 0 0 0 0 0 0 0 0 0 0 0 0 0 0 0 0 0 0 1 0 0 0 0 0 0 0
40: 0 0 0 1 0 0 0 1 0 0 0 0 0 1 0 0 0 0 0 0 0 0 0 0 0 0 0 0 0 0 0 1 1 0 0 0 0 0 0 0 0 1 1 0 0 0 0 0 0 0 0 0 1 0 0 0 0 0 0 0 0 0 0 0 0 0 0 0 0 0 0 0 0 0 0 1 0 1 0 0 0 0 0 0 0 0 0 1 0 0 0 0 0 0 0 0 0 1 0 0
41: 1 0 0 0 0 0 0 0 0 1 1 0 0 0 0 0 0 0 0 0 0 1 0 0 0 0 0 0 0 0 1 0 0 0 0 0 0 0 0 0 0 0 0 0 0 0 0 0 1 0 0 0 0 0 0 0 0 1 0 0 0 0 0 0 0 0 1 0 0 1 0 0 0 1 1 0 0 0 0 0 0 0 0 0 0 0 0 0 0 0 0 0 0 0 0 0 1 0 0 0
42: 0 0 0 0 0 0 0 0 1 0 0 0 0 0 1 0 0 0 0 0 0 0 0 0 0 0 0 0 0 0 0 0 0 0 0 0 0 0 0 1 0 0 0 0 0 0 0 1 1 1 0 0 0 0 0 0 1 0 0 0 0 0 1 0 0 0 1 0 0 0 0 0 0 1 0 0 0 0 1 0 0 0 0 0 0 0 1 0 1 0 0 0 0 0 0 0 0 0 0 0
43: 0 0 0 0 0 0 0 0 1 0 0 0 0 0 0 0 1 0 0 0 0 0 0 0 0 0 0 0 0 0 0 1 0 0 0 0 0 0 1 0 0 1 0 0 0 1 0 1 0 0 0 0 0 1 0 0 0 0 1 0 0 0 0 0 0 0 0 0 0 0 0 0 0 1 0 0 0 0 0 0 0 0 0 0 0 1 0 0 0 0 0 0 0 0 0 0 0 0 0 0
44: 0 0 0 1 0 0 0 0 0 0 0 0 0 0 0 0 0 0 0 0 0 1 0 0 0 0 0 1 1 0 0 0 0 0 0 1 0 0 0 0 0 0 0 0 0 0 0 0 0 0 0 0 0 0 0 0 0 0 0 0 0 0 0 0 0 0 0 0 0 0 0 1 0 0 0 0 0 0 0 0 0 0 0 0 0 0 0 0 0 0 0 0 0 0 0 0 0 0 0 0
45: 0 0 0 0 0 0 0 0 0 0 0 0 0 0 0 0 0 1 0 0 0 1 0 0 0 0 0 0 0 0 0 0 0 0 1 0 0 0 0 0 1 0 0 0 0 0 0 0 0 0 0 0 0 0 0 0 0 1 0 0 0 0 0 0 0 0 0 0 0 0 0 0 0 0 0 0 0 0 0 0 0 0 0 0 0 0 0 1 0 0 0 0 0 0 0 0 0 0 0 0
46: 0 0 0 0 0 0 0 0 0 0 0 0 0 0 0 0 1 0 0 0 0 0 0 0 0 0 0 0 0 0 0 0 0 0 0 0 0 0 0 0 0 0 0 0 0 0 1 0 0 0 0 0 0 0 0 0 0 0 0 0 0 0 0 0 0 0 1 0 0 0 0 0 0 0 0 0 0 0 0 0 0 0 0 0 0 0 0 0 0 0 0 0 0 1 0 0 0 0 0 0
47: 0 0 0 0 0 0 0 0 0 0 0 0 1 0 0 0 0 0 0 0 1 0 0 0 0 0 0 0 0 1 0 0 0 0 0 0 1 0 1 0 1 0 0 0 0 0 0 1 0 0 1 0 0 0 0 0 0 1 0 0 0 0 0 0 0 0 1 0 0 0 0 0 0 0 1 0 0 0 0 0 0 0 0 0 0 0 0 0 0 0 0 0 1 0 0 0 0 0 0 0
48: 0 0 0 0 0 0 1 0 0 1 1 0 1 0 0 1 0 0 0 0 0 0 0 0 1 0 0 0 0 0 0 0 0 0 0 0 0 0 0 0 0 0 0 0 0 0 0 0 0 0 0 0 0 0 0 0 0 0 0 0 0 0 0 0 0 0 0 0 0 0 0 0 0 0 0 0 0 0 0 0 0 0 0 0 0 0 0 0 0 0 0 0 0 0 0 0 0 1 0 0
49: 1 0 0 0 0 0 0 0 0 0 0 0 0 0 0 0 0 0 0 1 0 0 1 0 0 0 0 0 0 0 0 0 0 0 0 0 1 0 0 0 0 0 1 0 0 0 0 0 1 0 0 0 0 0 0 0 0 0 0 0 0 0 0 0 0 0 0 0 0 0 0 0 0 0 0 1 0 0 0 0 0 0 0 0 0 0 0 0 0 0 0 0 0 0 1 0 0 0 0 0

0: 0 1 1 2 2 2 1 2 2 1 2 2 2 2 1 1 2 2 2 1 1 2 1 2 1 1 2 2 1 2 2 1 2 1 1 2 1 1 2 2 1 2 2 1 1 2 2 1 1 2 1 2 2 2 1 1 1 1 1 1 1 2 2 2 2 1 2 2 1 1 1 1 1 2 1 1 2 1 2 1 2 2 2 1 1 1 1 1 1 1 2 2 1 1 1 2 1 2 2 2
1: 1 0 2 1 2 1 1 2 1 1 1 1 2 1 1 1 1 2 1 2 1 2 1 2 1 1 1 2 1 2 2 1 2 2 1 2 2 2 1 2 1 2 2 1 2 1 1 1 2 1 2 1 1 1 2 2 1 1 1 1 1 1 2 1 1 2 2 2 2 2 1 2 2 2 1 1 1 1 2 1 1 1 1 1 2 1 1 1 2 2 2 2 2 2 1 1 1 1 1 1
2: 1 2 0 1 2 1 2 2 2 1 1 1 2 2 1 1 2 1 1 2 2 2 2 2 2 2 2 1 2 2 2 2 2 1 2 2 2 1 2 2 1 1 1 2 2 1 1 2 1 1 2 1 1 1 2 2 2 1 1 1 1 1 2 2 2 2 2 1 2 2 2 2 1 2 2 2 2 2 2 1 1 2 2 1 1 2 1 2 1 2 1 1 2 1 2 2 2 2 1 2
3: 2 1 1 0 1 2 1 1 2 1 1 2 1 1 2 1 1 2 1 2 1 2 2 1 2 1 2 1 1 2 2 2 2 1 2 2 1 2 2 1 2 1 2 1 2 2 1 2 1 2 2 2 1 2 2 2 2 2 1 2 1 2 1 1 2 1 1 1 1 2 2 1 2 2 2 1 2 2 2 2 1 1 2 1 1 1 2 1 1 2 1 1 1 2 1 1 1 1 2 1
4: 2 2 2 1 0 1 1 2 2 1 1 2 2 2 2 1 2 2 1 1 1 1 2 2 1 2 2 1 2 2 1 1 2 1 1 1 2 2 1 1 2 2 1 1 2 1 1 2 2 1 1 2 1 1 2 1 2 1 1 2 1 2 1 2 1 2 2 1 1 1 2 2 2 2 2 2 1 1 2 2 2 1 1 2 2 2 1 1 2 2 1 1 2 2 2 1 1 1 2 2
5: 2 1 1 2 1 0 1 2 2 1 1 1 1 1 2 2 2 1 1 2 2 1 1 1 1 1 2 1 1 1 1 2 1 2 1 1 1 1 1 2 2 1 1 1 1 1 1 1 1 2 2 2 2 2 1 2 2 2 2 2 2 2 2 1 2 1 2 2 1 1 2 1 1 1 2 1 2 1 1 1 1 1 1 1 2 1 1 2 1 2 2 1 2 1 2 1 2 2 1 2
6: 1 1 2 1 1 1 0 1 1 2 1 2 1 1 2 1 2 2 2 1 2 1 1 2 1 2 2 1 2 2 2 1 2 2 2 1 2 2 2 1 1 1 2 1 2 1 1 2 1 2 1 2 2 2 1 2 2 2 2 2 2 1 2 2 2 1 1 2 1 2 1 2 1 1 2 2 1 1 2 2 2 1 2 1 1 1 1 1 1 2 1 1 2 2 2 1 2 2 2 2
7: 2 2 2 1 2 2 1 0 1 1 2 1 2 2 2 1 1 1 2 1 1 2 1 2 1 2 2 1 1 1 2 1 2 2 2 1 2 2 2 2 1 1 2 1 1 2 1 2 2 1 2 2 1 2 2 1 2 1 2 2 1 2 1 2 2 2 1 1 1 1 1 1 1 2 1 2 1 2 2 1 1 2 1 1 1 1 2 2 1 2 1 2 1 1 2 1 2 2 1 1
8: 2 1 2 2 2 2 1 1 0 1 1 1 1 1 1 1 1 1 2 1 2 1 2 2 1 2 2 1 2 2 1 2 1 1 1 1 1 1 1 2 2 2 1 2 1 2 2 2 2 2 1 2 1 2 2 1 1 2 2 2 2 1 1 2 1 2 1 2 1 2 2 1 1 1 2 1 1 2 1 2 2 2 2 2 2 1 1 1 2 1 2 1 1 2 2 1 2 1 1 2
9: 1 1 1 1 1 1 2 1 1 0 1 1 1 1 1 1 1 2 2 2 1 1 2 2 2 2 2 1 2 2 2 1 1 2 1 1 1 2 1 2 1 2 2 1 1 1 2 2 2 1 1 1 1 2 1 2 1 1 2 2 1 1 1 2 1 1 2 2 2 1 2 2 1 2 1 2 2 2 2 1 2 1 1 1 1 1 1 2 1 1 1 1 2 1 2 1 1 2 2 2
10: 2 1 1 1 1 1 1 2 1 1 0 1 1 1 1 2 2 1 2 2 1 1 1 2 2 2 2 1 2 1 2 2 2 1 1 2 2 1 1 1 1 1 2 2 2 2 1 2 1 1 1 2 1 1 1 1 1 1 2 1 2 1 1 2 2 1 1 2 2 2 2 1 2 1 2 1 2 2 2 2 2 2 2 1 1 2 2 1 2 2 2 2 2 2 1 1 2 2 2 2
11: 2 1 1 2 2 1 2 1 1 1 1 0 1 1 2 1 1 2 1 1 1 2 1 2 2 1 2 1 1 2 2 2 2 1 1 1 2 2 1 2 2 2 1 2 1 1 1 1 1 2 2 1 2 1 1 1 2 1 1 2 2 2 2 1 2 2 2 1 2 2 1 1 2 1 2 2 1 2 2 1 2 1 1 1 2 1 2 1 2 1 1 2 1 1 1 1 2 1 2 1
12: 2 2 2 1 2 1 1 2 1 1 1 1 0 2 1 2 1 1 2 2 2 2 1 2 1 2 1 1 2 1 2 1 2 2 1 1 2 2 2 1 2 2 2 2 2 2 1 1 1 2 1 2 2 2 1 2 1 1 1 2 2 2 2 1 1 2 2 2 2 1 1 2 2 2 1 2 1 2 2 2 2 2 1 2 2 1 1 2 1 2 1 1 1 2 1 2 1 2 1 2
13: 2 1 2 1 2 1 1 2 1 1 1 1 2 0 2 2 1 1 2 1 1 1 1 2 2 2 2 2 2 2 1 2 2 2 1 1 1 2 1 1 2 2 2 2 1 2 2 1 2 1 2 1 2 2 1 2 1 1 2 1 2 1 2 2 2 2 2 2 1 2 1 1 1 2 1 1 1 2 2 2 1 1 2 2 2 1 2 2 1 1 2 1 2 1 1 2 2 1 1 2
14: 1 1 1 2 2 2 2 2 1 1 1 2 1 2 0 1 1 1 2 1 2 1 2 1 1 2 1 2 1 2 2 2 2 2 1 2 2 1 2 1 1 1 1 2 1 1 1 1 2 2 2 1 1 2 2 1 1 1 1 2 2 1 2 2 2 2 2 1 2 2 1 2 2 2 2 1 1 1 1 1 1 2 1 1 1 1 2 2 2 1 1 2 2 2 1 2 2 2 2 1
15: 1 1 1 1 1 2 1 1 1 1 2 1 2 2 1 0 1 2 2 1 2 1 2 1 1 2 2 1 2 1 1 1 2 2 1 1 1 1 2 1 2 2 1 2 1 1 1 2 1 2 2 1 2 1 2 1 1 2 2 1 2 2 1 2 1 2 1 1 2 2 2 2 1 1 2 2 2 1 2 1 1 1 1 2 1 1 1 1 2 1 2 2 2 1 1 1 2 1 1 1
16: 2 1 2 1 2 2 2 1 1 1 2 1 1 1 1 1 0 2 1 1 2 1 2 2 1 2 1 1 1 2 2 1 2 2 2 2 1 2 2 1 1 2 2 1 2 1 2 2 1 2 2 1 2 2 2 2 1 2 2 1 1 1 1 2 2 1 2 1 2 2 2 1 2 1 2 2 1 1 1 1 1 1 1 2 1 2 2 1 2 2 2 1 1 1 2 1 2 1 1 2
17: 2 2 1 2 2 1 2 1 1 2 1 2 1 1 1 2 2 0 2 1 1 1 1 2 1 2 1 1 2 1 2 2 2 2 2 2 2 2 1 1 1 1 1 2 1 1 2 1 1 2 1 2 1 2 2 2 1 2 1 1 1 2 2 2 1 1 2 2 1 2 2 2 2 1 2 1 1 1 1 2 2 1 1 1 1 1 1 1 2 2 1 1 2 2 2 2 1 1 1 2
18: 2 1 1 1 1 1 2 2 2 2 2 1 2 2 2 2 1 2 0 2 1 1 1 1 1 2 2 1 2 1 2 2 2 2 2 1 1 2 2 1 2 1 2 2 1 2 2 2 1 1 2 1 1 2 1 2 2 1 1 1 1 2 1 2 2 2 1 1 2 1 2 2 2 1 1 1 1 2 1 1 2 2 1 2 2 1 2 1 1 1 1 2 1 2 1 1 1 1 2 2
19: 1 2 2 2 1 2 1 1 1 2 2 1 2 1 1 1 1 1 2 0 2 2 1 2 2 1 1 1 1 1 2 2 2 2 1 1 1 2 2 2 1 1 2 2 2 2 1 1 1 1 1 1 2 1 1 1 1 2 2 1 2 1 1 2 1 2 2 1 1 1 2 1 1 1 2 2 1 1 1 1 1 1 2 2 1 1 1 2 1 2 2 1 2 1 2 2 1 1 2 2
20: 1 1 2 1 1 2 2 1 2 1 1 1 2 1 2 2 2 1 1 2 0 1 2 1 2 2 1 1 2 2 1 1 1 2 1 2 2 1 1 1 1 2 1 1 1 1 2 2 2 2 1 1 1 1 1 2 1 2 1 2 1 1 2 1 1 2 1 2 2 2 1 2 2 1 1 2 1 2 2 2 2 2 2 1 2 1 1 2 2 2 1 1 1 1 1 1 2 2 1 1
21: 2 2 2 2 1 1 1 2 1 1 1 2 2 1 1 1 1 1 1 2 1 0 1 1 1 1 1 1 2 1 1 1 2 1 2 2 1 2 1 2 1 2 2 1 1 2 2 2 2 2 1 2 2 2 1 2 2 1 2 2 1 2 2 2 2 2 2 2 1 2 1 2 1 2 2 1 2 2 1 2 2 2 1 1 1 2 2 2 1 1 2 2 2 1 2 2 1 2 2 1
22: 1 1 2 2 2 1 1 1 2 2 1 1 1 1 2 2 2 1 1 1 2 1 0 2 2 1 2 1 1 1 2 1 2 1 2 2 2 2 1 1 2 2 2 2 2 1 1 1 2 1 1 2 1 2 2 1 2 2 1 2 1 2 2 1 2 1 2 1 2 1 2 1 1 2 2 2 2 2 2 2 1 1 1 1 1 1 2 2 1 1 2 2 2 1 1 1 1 1 2 1
23: 2 2 2 1 2 1 2 2 2 2 2 2 2 2 1 1 2 2 1 2 1 1 2 0 2 2 1 1 2 2 1 2 2 1 1 1 2 2 1 2 1 1 2 1 2 1 2 1 2 1 2 2 2 1 1 1 2 2 1 1 2 1 2 2 1 2 2 1 2 2 2 2 2 2 2 2 1 1 1 1 2 1 2 2 1 2 2 1 2 2 2 1 1 1 2 1 2 1 1 2
24: 1 1 2 2 1 1 1 1 1 2 2 2 1 2 1 1 1 1 1 2 2 1 2 2 0 2 1 1 1 1 1 2 2 1 2 1 2 2 1 1 1 1 2 1 2 2 1 1 1 1 2 2 2 2 1 1 2 1 2 1 1 2 2 2 2 2 2 1 2 2 1 2 2 2 2 1 1 2 2 2 2 1 2 1 2 2 2 2 2 2 1 2 2 1 2 2 2 2 2 1
25: 1 1 2 1 2 1 2 2 2 2 2 1 2 2 2 2 2 2 2 1 2 1 1 2 2 0 1 2 2 1 2 1 2 1 2 2 1 2 2 1 2 1 2 1 1 2 2 1 1 1 1 1 1 2 1 1 2 2 2 1 1 2 2 2 2 2 1 1 1 2 1 2 1 2 2 2 1 1 2 2 1 2 2 1 1 2 1 2 1 1 2 2 1 1 1 2 1 1 2 2
26: 2 1 2 2 2 2 2 2 2 2 2 2 1 2 1 2 1 1 2 1 1 1 2 1 1 1 0 1 2 2 2 1 2 1 2 2 2 1 1 2 1 2 2 1 1 2 1 2 2 1 2 2 1 2 2 2 2 1 2 1 2 1 2 1 1 1 1 1 2 2 1 2 2 2 1 1 2 1 1 2 1 1 2 2 1 2 2 2 2 1 2 2 2 2 2 2 2 1 2 1
27: 2 2 1 1 1 1 1 1 1 1 1 1 1 2 2 1 1 1 1 1 1 1 1 1 1 2 1 0 2 2 1 1 2 2 2 2 1 2 2 2 1 2 2 2 2 2 2 2 2 1 1 1 1 2 2 2 1 2 1 1 1 2 1 1 2 1 2 1 2 1 2 1 2 2 1 2 2 1 1 1 1 1 2 1 1 2 2 1 2 2 2 2 2 1 2 1 2 2 1 2
28: 1 1 2 1 2 1 2 1 2 2 2 1 2 2 1 2 1 2 2 1 2 2 1 2 1 2 2 2 0 1 1 1 1 2 1 2 2 1 2 1 1 1 1 1 2 1 1 1 2 1 1 1 2 2 1 2 2 1 2 1 1 1 2 2 1 2 2 2 2 1 1 1 1 1 2 1 1 1 1 1 1 1 2 1 1 1 2 1 1 1 2 2 1 2 1 1 2 2 1 1
29: 2 2 2 2 2 1 2 1 2 2 1 2 1 2 2 1 2 1 1 1 2 1 1 2 1 1 2 2 1 0 1 2 2 1 1 2 2 2 1 2 2 2 2 2 2 1 1 1 2 2 2 2 2 2 1 1 1 1 1 1 2 1 1 2 2 2 2 2 1 1 1 1 1 1 1 1 2 1 1 1 2 2 1 1 2 1 1 2 1 1 2 1 2 2 1 1 1 2 1 2
30: 2 2 2 2 1 1 2 2 1 2 2 2 2 1 2 1 2 2 2 2 1 1 2 1 1 2 2 1 1 1 0 2 1 2 2 2 1 1 1 1 2 2 1 2 2 2 1 2 2 1 2 1 2 2 1 2 2 1 1 2 2 1 2 2 2 1 2 1 1 1 1 2 1 1 1 2 2 1 1 1 2 1 1 1 2 1 1 1 1 1 1 2 1 2 1 2 1 2 2 2
31: 1 1 2 2 1 2 1 1 2 1 2 2 1 2 2 1 1 2 2 2 1 1 1 2 2 1 1 1 1 2 2 0 2 2 1 1 2 1 1 2 2 1 1 2 2 1 2 2 1 2 1 1 2 1 2 1 1 1 1 2 2 2 2 2 2 1 2 2 1 1 1 2 1 1 1 2 2 1 2 1 1 1 1 2 2 1 2 2 2 1 2 2 1 2 1 2 1 1 2 2
32: 2 2 2 2 2 1 2 2 1 1 2 2 2 2 2 2 2 2 2 2 1 2 2 2 2 2 2 2 1 2 1 2 0 2 2 2 1 1 1 1 2 1 2 1 2 2 2 1 2 2 1 1 2 1 1 1 1 1 2 1 1 2 1 1 2 1 1 1 2 2 2 1 1 1 2 2 1 2 2 1 2 2 1 2 2 2 2 2 2 2 2 1 2 2 1 1 2 1 1 2
33: 1 2 1 1 1 2 2 2 1 2 1 1 2 2 2 2 2 2 2 2 2 1 1 1 1 1 1 2 2 1 2 2 2 0 1 2 1 2 2 1 1 2 1 2 1 2 2 2 2 2 2 2 2 2 1 1 2 1 2 2 2 1 1 1 1 2 2 1 1 1 1 2 1 2 1 2 1 1 1 2 1 2 2 2 1 2 1 2 1 2 1 2 2 1 2 1 1 2 2 1
34: 1 1 2 2 1 1 2 2 1 1 1 1 1 1 1 1 2 2 2 1 1 2 2 1 2 2 2 2 1 1 2 1 2 1 0 2 1 1 1 1 1 1 1 2 1 1 1 1 2 1 1 2 1 2 2 1 2 1 1 2 2 1 1 1 1 2 2 1 1 2 2 2 1 2 2 1 1 1 1 2 2 1 1 2 1 2 1 2 1 1 2 1 1 1 2 1 1 1 2 2
35: 2 2 2 2 1 1 1 1 1 1 2 1 1 1 2 1 2 2 1 1 2 2 2 1 1 2 2 2 2 2 2 1 2 2 2 0 1 1 1 2 2 2 1 1 1 2 2 2 1 2 1 2 1 2 1 2 1 1 2 1 2 1 2 1 2 2 2 1 1 1 2 1 1 2 1 1 2 2 1 2 1 2 1 2 1 1 1 1 2 2 1 1 1 1 2 1 1 2 1 2
36: 1 2 2 1 2 1 2 2 1 1 2 2 2 1 2 1 1 2 1 1 2 1 2 2 2 1 2 1 2 2 1 2 1 1 1 1 0 2 1 2 2 2 1 1 1 2 2 1 2 2 1 1 1 2 2 1 1 1 2 2 2 1 2 2 1 1 2 2 1 1 1 1 1 2 2 2 2 2 2 2 1 2 2 1 1 2 1 2 1 1 1 1 1 1 1 1 1 2 1 1
37: 1 2 1 2 2 1 2 2 1 2 1 2 2 2 1 1 2 2 2 2 1 2 2 2 2 2 1 2 1 2 1 1 1 2 1 1 2 0 1 2 2 1 2 2 2 2 1 2 1 2 2 2 1 1 1 1 1 2 1 1 1 2 2 1 2 1 1 2 1 2 1 1 2 2 2 1 1 1 1 1 2 1 2 2 1 1 1 1 1 2 2 1 2 2 2 1 1 1 1 1
38: 2 1 2 2 1 1 2 2 1 1 1 1 2 1 2 2 2 1 2 2 1 1 1 1 1 2 1 2 2 1 1 1 1 2 1 1 1 1 0 1 1 1 2 1 2 1 2 1 1 2 2 1 2 2 1 1 2 2 2 2 1 2 2 1 1 1 1 2 1 1 1 1 1 2 2 2 1 1 2 1 1 1 1 1 1 2 1 1 1 1 2 1 1 2 2 2 1 1 2 1
39: 2 2 2 1 1 2 1 2 2 2 1 2 1 1 1 1 1 1 1 2 1 2 1 2 1 1 2 2 1 2 1 2 1 1 1 2 2 2 1 0 1 2 1 1 1 1 1 2 1 2 1 1 1 1 1 2 1 1 2 1 1 1 1 2 1 1 1 1 1 2 2 2 2 1 1 2 1 1 2 2 1 1 1 2 1 1 1 2 2 1 2 2 1 1 1 2 1 1 2 2
40: 1 1 1 2 2 2 1 1 2 1 1 2 2 2 1 2 1 1 2 1 1 1 2 1 1 2 1 1 1 2 2 2 2 1 1 2 2 2 1 1 0 1 1 2 1 2 2 1 1 1 1 2 2 2 2 2 1 2 2 2 2 1 2 1 2 1 2 2 1 2 2 1 1 1 2 2 1 2 2 1 1 2 2 2 1 1 1 2 2 1 1 1 2 1 2 2 1 1 2 2
41: 2 2 1 1 2 1 1 1 2 2 1 2 2 2 1 2 2 1 1 1 2 2 2 1 1 1 2 2 1 2 2 1 1 2 1 2 2 1 1 2 1 0 2 1 1 1 1 1 2 2 2 1 2 1 1 2 2 1 2 2 1 2 2 1 1 2 1 1 2 1 1 1 2 2 1 1 2 2 2 1 2 1 1 2 1 2 1 1 1 1 2 1 1 1 1 1 1 1 1 2
42: 2 2 1 2 1 1 2 2 1 2 2 1 2 2 1 1 2 1 2 2 1 2 2 2 2 2 2 2 1 2 1 1 2 1 1 1 1 2 2 1 1 2 0 2 2 2 2 2 2 1 1 1 2 2 2 1 2 1 1 2 1 1 2 1 1 2 1 2 2 1 2 2 1 1 2 2 2 1 2 1 2 1 1 1 2 2 1 2 2 1 2 2 2 1 2 2 1 2 1 2
43: 1 1 2 1 1 1 1 1 2 1 2 2 2 2 2 2 1 2 2 2 1 1 2 1 1 1 1 2 1 2 2 2 1 2 2 1 1 2 1 1 2 1 2 0 2 1 1 2 1 1 2 2 2 2 1 2 1 2 1 1 2 1 2 1 1 1 1 2 1 2 1 1 2 2 1 2 1 2 1 2 2 1 1 1 2 1 2 1 2 2 1 1 2 1 1 1 1 2 1 2
44: 1 2 2 2 2 1 2 1 1 1 2 1 2 1 1 1 2 1 1 2 1 1 2 2 2 1 1 2 2 2 2 2 2 1 1 1 1 2 2 1 1 1 2 2 0 2 1 1 1 2 1 2 1 2 1 2 1 2 2 2 2 2 2 2 1 2 1 1 1 2 1 1 2 2 2 1 2 1 2 1 2 2 2 1 2 2 2 2 2 1 1 2 2 1 1 1 1 1 2 1
45: 2 1 1 2 1 1 1 2 2 1 2 1 2 2 1 1 1 1 2 2 1 2 1 1 2 2 2 2 1 1 2 1 2 2 1 2 2 2 1 1 2 1 2 1 2 0 1 1 1 1 2 2 2 2 2 2 1 2 2 2 2 1 2 1 2 2 2 2 2 1 1 1 2 1 2 2 1 1 1 2 1 2 1 1 2 1 2 2 2 1 2 2 2 2 2 2 1 2 1 1
46: 2 1 1 1 1 1 1 1 2 2 1 1 1 2 1 1 2 2 2 1 2 2 1 2 1 2 1 2 1 1 1 2 2 2 1 2 2 1 2 1 2 1 2 1 1 1 0 1 1 1 1 1 1 1 2 2 2 1 1 1 2 2 2 2 1 1 1 1 1 2 1 1 1 1 2 2 2 1 1 1 2 1 2 2 1 2 1 1 2 2 2 2 2 1 2 2 2 1 1 2
47: 1 1 2 2 2 1 2 2 2 2 2 1 1 1 1 2 2 1 2 1 2 2 1 1 1 1 2 2 1 1 2 2 1 2 1 2 1 2 1 2 1 1 2 2 1 1 1 0 2 2 1 2 2 2 2 2 1 2 1 2 1 2 2 1 2 2 1 2 1 1 2 1 1 1 2 1 1 2 2 2 2 2 2 2 2 1 1 1 2 2 1 1 2 2 2 1 2 2 2 1
48: 1 2 1 1 2 1 1 2 2 2 1 1 1 2 2 1 1 1 1 1 2 2 2 2 1 1 2 2 2 2 2 1 2 2 2 1 2 1 1 1 1 2 2 1 1 1 1 2 0 1 1 1 1 2 1 2 2 2 2 2 2 1 2 2 1 2 1 1 2 1 2 1 2 1 1 2 1 2 1 1 2 2 1 2 2 1 1 1 1 2 2 2 2 2 2 1 2 2 2 2
49: 2 1 1 2 1 2 2 1 2 1 1 2 2 1 2 2 2 2 1 1 2 2 1 1 1 1 1 1 1 2 1 2 2 2 1 2 2 2 2 2 1 2 1 1 2 1 1 2 1 0 2 2 1 1 2 1 2 1 1 1 2 1 1 1 2 2 2 2 2 1 2 2 1 1 1 2 2 2 2 2 2 1 1 2 2 2 2 1 2 2 2 1 1 2 1 2 2 1 2 1
50: 1 2 2 2 1 2 1 2 1 1 1 2 1 2 2 2 2 1 2 1 1 1 1 2 2 1 2 1 1 2 2 1 1 2 1 1 1 2 2 1 1 2 1 2 1 2 1 1 1 2 0 1 2 2 1 1 1 1 1 1 2 1 2 1 1 2 2 1 1 1 2 2 1 1 1 2 1 1 2 2 2 2 1 1 1 2 2 2 2 2 1 1 1 1 1 2 2 2 1 1
51: 2 1 1 2 2 2 2 2 2 1 2 1 2 1 1 1 1 2 1 1 1 2 2 2 2 1 2 1 1 2 1 1 1 2 2 2 1 2 1 1 2 1 1 2 2 2 1 2 1 2 1 0 2 2 2 1 1 1 1 2 2 2 2 1 1 2 1 2 1 2 2 1 1 1 2 2 1 2 1 2 1 1 2 2 2 1 1 2 2 2 1 1 2 2 1 2 2 2 2 1
52: 2 1 1 1 1 2 2 1 1 1 1 2 2 2 1 2 2 1 1 2 1 2 1 2 2 1 1 1 2 2 2 2 2 2 1 1 1 1 2 1 2 2 2 2 1 2 1 2 1 1 2 2 0 2 2 2 1 2 2 2 2 2 2 2 2 1 1 1 2 2 1 2 2 1 1 1 1 1 2 2 1 1 1 2 1 2 2 1 2 1 2 1 1 1 2 2 1 1 2 2
53: 2 1 1 2 1 2 2 2 2 2 1 1 2 2 2 1 2 2 2 1 1 2 2 1 2 2 2 2 2 2 2 1 1 2 2 2 2 1 2 1 2 1 2 2 2 2 1 2 2 1 2 2 2 0 2 1 2 2 2 1 1 1 1 1 2 2 1 1 2 2 1 2 2 1 1 2 1 2 2 2 1 1 2 2 1 2 2 1 1 2 2 1 2 1 2 1 1 1 1 2
54: 1 2 2 2 2 1 1 2 2 1 1 1 1 1 2 2 2 2 1 1 1 1 2 1 1 1 2 2 1 1 1 2 1 1 2 1 2 1 1 1 2 1 2 1 1 2 2 2 1 2 1 2 2 2 0 1 1 2 1 1 2 1 1 2 2 1 1 1 1 2 1 1 1 2 2 2 2 2 1 1 2 2 2 1 2 1 2 1 1 2 2 1 1 1 2 1 2 1 1 2
55: 1 2 2 2 1 2 2 1 1 2 1 1 2 2 1 1 2 2 2 1 2 2 1 1 1 1 2 2 2 1 2 1 1 1 1 2 1 1 1 2 2 2 1 2 2 2 2 2 2 1 1 1 2 1 1 0 2 1 2 1 1 2 1 1 1 2 1 1 1 2 2 2 1 1 2 2 1 2 1 2 2 2 2 2 2 2 1 2 2 1 2 2 2 2 1 2 2 1 2 2
56: 1 1 2 2 2 2 2 2 1 1 1 2 1 1 1 1 1 1 2 1 1 2 2 2 2 2 2 1 2 1 2 1 1 2 2 1 1 1 2 1 1 2 2 1 1 1 2 1 2 2 1 1 1 2 1 2 0 1 1 2 1 2 1 2 2 1 1 1 2 2 2 2 1 2 2 1 2 1 1 1 1 2 1 1 2 1 2 2 1 2 1 1 2 1 1 1 1 1 1 2
57: 1 1 1 2 1 2 2 1 2 1 1 1 1 1 1 2 2 2 1 2 2 1 2 2 1 2 1 2 1 1 1 1 1 1 1 1 1 2 2 1 2 1 1 2 2 2 1 2 2 1 1 1 2 2 2 1 1 0 2 2 2 1 2 2 1 1 2 2 2 1 1 2 2 1 2 2 1 2 1 2 1 1 1 1 2 2 2 1 2 1 2 2 2 2 2 2 2 1 2 2
58: 1 1 1 1 1 2 2 2 2 2 2 1 1 2 1 2 2 1 1 2 1 2 1 1 2 2 2 1 2 1 1 1 2 2 1 2 2 1 2 2 2 2 1 1 2 2 1 1 2 1 1 1 2 2 1 2 1 2 0 2 1 1 2 2 2 2 1 2 2 1 1 1 2 1 2 2 1 2 2 2 2 1 1 1 1 2 2 1 2 1 1 2 2 2 1 1 2 1 2 1
59: 1 1 1 2 2 2 2 2 2 2 1 2 2 1 2 1 1 1 1 1 2 2 2 1 1 1 1 1 1 1 2 2 1 2 2 1 2 1 2 1 2 2 2 1 2 2 1 2 2 1 1 2 2 1 1 1 2 2 2 0 2 1 1 2 2 1 2 2 2 1 1 1 2 1 2 1 1 1 1 2 1 1 2 1 2 1 2 1 2 1 2 1 1 1 1 1 1 2 2 2
60: 1 1 1 1 1 2 2 1 2 1 2 2 2 2 2 2 1 1 1 2 1 1 1 2 1 1 2 1 1 2 2 2 1 2 2 2 2 1 1 1 2 1 1 2 2 2 2 1 2 2 2 2 2 1 2 1 1 2 1 2 0 1 2 1 1 2 1 1 1 1 1 2 2 2 2 1 1 2 2 1 2 2 1 1 1 2 1 1 1 1 1 1 1 1 2 1 2 2 1 1
61: 2 1 1 2 2 2 1 2 1 1 1 2 2 1 1 2 1 2 2 1 1 2 2 1 2 2 1 2 1 1 1 2 2 1 1 1 1 2 2 1 1 2 1 1 2 1 2 2 1 1 1 2 2 1 1 2 2 1 1 1 1 0 2 1 2 1 1 2 2 1 2 2 1 1 2 2 2 2 1 1 2 2 1 2 2 2 2 1 2 1 1 2 1 1 1 1 2 1 2 2
62: 2 2 2 1 1 2 2 1 1 1 1 2 2 2 2 1 1 2 1 1 2 2 2 2 2 2 2 1 2 1 2 2 1 1 1 2 2 2 2 1 2 2 2 2 2 2 2 2 2 1 2 2 2 1 1 1 1 2 2 1 2 2 0 2 1 1 2 2 2 1 1 2 1 2 2 1 1 1 2 1 2 2 2 2 1 2 1 1 2 2 2 2 1 1 2 1 2 2 1 2
63: 2 1 2 1 2 1 2 2 2 2 2 1 1 2 2 2 2 2 2 2 1 2 1 2 2 2 1 1 2 2 2 2 1 1 1 1 2 1 1 2 1 1 1 1 2 1 2 1 2 1 1 1 2 1 2 1 2 2 2 2 1 1 2 0 1 1 2 2 1 1 2 2 2 2 2 1 2 2 1 2 1 2 1 1 1 2 1 1 1 2 2 1 1 1 2 2 2 2 1 1
64: 2 1 2 2 1 2 2 2 1 1 2 2 1 2 2 1 2 1 2 1 1 2 2 1 2 2 1 2 1 2 2 2 2 1 1 2 1 2 1 1 2 1 1 1 1 2 1 2 1 2 1 1 2 2 2 1 2 1 2 2 1 2 1 1 0 2 2 1 2 2 1 1 2 2 1 1 2 2 1 2 1 2 2 2 2 1 1 2 1 2 2 2 2 1 2 2 1 1 2 2
65: 1 2 2 1 2 1 1 2 2 1 1 2 2 2 2 2 1 1 2 2 2 2 1 2 2 2 1 1 2 2 1 1 1 2 2 2 1 1 1 1 1 2 2 1 2 2 1 2 2 2 2 2 1 2 1 2 1 1 2 1 2 1 1 1 2 0 1 1 1 2 2 2 2 2 2 1 1 2 1 2 1 1 1 2 1 2 1 2 1 1 2 1 2 1 1 1 1 1 1 1
66: 2 2 2 1 2 2 1 1 1 2 1 2 2 2 2 1 2 2 1 2 1 2 2 2 2 1 1 2 2 2 2 2 1 2 2 2 2 1 1 1 2 1 1 1 1 2 1 1 1 2 2 1 1 1 1 1 1 2 1 2 1 1 2 2 2 1 0 1 1 1 2 2 1 2 2 2 2 1 2 2 1 2 1 1 2 1 1 1 2 2 1 1 2 2 2 1 1 1 1 1
67: 2 2 1 1 1 2 2 1 2 2 2 1 2 2 1 1 1 2 1 1 2 2 1 1 1 1 1 1 2 2 1 2 1 1 1 1 2 2 2 1 2 1 2 2 1 2 1 2 1 2 1 2 1 1 1 1 1 2 2 2 1 2 2 2 1 1 1 0 1 1 2 1 2 1 2 1 2 1 2 2 2 1 1 1 2 1 2 2 2 1 2 2 2 2 2 2 1 1 1 2
68: 1 2 2 1 1 1 1 1 1 2 2 2 2 1 2 2 2 1 2 1 2 1 2 2 2 1 2 2 2 1 1 1 2 1 1 1 1 1 1 1 1 2 2 1 1 2 1 1 2 2 1 1 2 2 1 1 2 2 2 2 1 2 2 1 2 1 1 1 0 2 1 2 1 2 2 1 1 2 1 2 2 1 1 2 2 2 1 1 1 2 1 2 1 1 2 2 1 1 1 2
69: 1 2 2 2 1 1 2 1 2 1 2 2 1 2 2 2 2 2 1 1 2 2 1 2 2 2 2 1 1 1 1 1 2 1 2 1 1 2 1 2 2 1 1 2 2 1 2 1 1 1 1 2 2 2 2 2 2 1 1 1 1 1 1 1 2 2 1 1 2 0 2 1 2 1 1 1 1 2 2 1 2 2 1 2 2 1 1 1 2 2 1 2 2 1 2 1 1 1 2 2
70: 1 1 2 2 2 2 1 1 2 2 2 1 1 1 1 2 2 2 2 2 1 1 2 2 1 1 1 2 1 1 1 1 2 1 2 2 1 1 1 2 2 1 2 1 1 1 1 2 2 2 2 2 1 1 1 2 2 1 1 1 1 2 1 2 1 2 2 2 1 2 0 1 2 1 1 1 2 1 2 1 1 2 2 2 1 2 1 2 2 1 2 2 2 2 2 2 2 1 1 2
71: 1 2 2 1 2 1 2 1 1 2 1 1 2 1 2 2 1 2 2 1 2 2 1 2 2 2 2 1 1 1 2 2 1 2 2 1 1 1 1 2 1 1 2 1 1 1 1 1 1 2 2 1 2 2 1 2 2 2 1 1 2 2 2 2 1 2 2 1 2 1 1 0 2 2 1 2 1 2 2 2 2 1 1 1 2 2 2 1 2 2 2 1 1 2 2 2 2 1 1 2
72: 1 2 1 2 2 1 1 1 1 1 2 2 2 1 2 1 2 2 2 1 2 1 1 2 2 1 2 2 1 1 1 1 1 1 1 1 1 2 1 2 1 2 1 2 2 2 1 1 2 1 1 1 2 2 1 1 1 2 2 2 2 1 1 2 2 2 1 2 1 2 2 2 0 1 2 1 2 1 2 2 2 2 2 1 1 2 1 1 2 1 1 1 1 1 2 2 2 1 2 1
73: 2 2 2 2 2 1 1 2 1 2 1 1 2 2 2 1 1 1 1 1 1 2 2 2 2 2 2 2 1 1 1 1 1 2 2 2 2 2 2 1 1 2 1 2 2 1 1 1 1 1 1 1 1 1 2 1 2 1 1 1 2 1 2 2 2 2 2 1 2 1 1 2 1 0 1 1 1 1 1 1 1 1 1 1 2 1 1 2 1 2 2 2 1 2 2 2 2 1 2 2
74: 1 1 2 2 2 2 2 1 2 1 2 2 1 1 2 2 2 2 1 2 1 2 2 2 2 2 1 1 2 1 1 1 2 1 2 1 2 2 2 1 2 1 2 1 2 2 2 2 1 1 1 2 1 1 2 2 2 2 2 2 2 2 2 2 1 2 2 2 2 1 1 1 2 1 0 1 2 1 2 1 2 2 2 1 2 2 2 1 2 1 2 1 1 2 1 1 1 2 2 2
75: 1 1 2 1 2 1 2 2 1 2 1 2 2 1 1 2 2 1 1 2 2 1 2 2 1 2 1 2 1 1 2 2 2 2 1 1 2 1 2 2 2 1 2 2 1 2 2 1 2 2 2 2 1 2 2 2 1 2 2 1 1 2 1 1 1 1 2 1 1 1 1 2 1 1 1 0 2 2 2 2 1 2 1 1 2 2 2 2 2 1 1 2 1 2 1 2 2 2 2 1
76: 2 1 2 2 1 2 1 1 1 2 2 1 1 1 1 2 1 1 1 1 1 2 2 1 1 1 2 2 1 2 2 2 1 1 1 2 2 1 1 1 1 2 2 1 2 1 2 1 1 2 1 1 1 1 2 1 2 1 1 1 1 2 1 2 2 1 2 2 1 1 2 1 2 1 2 2 0 1 2 1 1 2 1 1 1 1 1 2 1 1 1 2 2 1 1 1 1 1 1 2
77: 1 1 2 2 1 1 1 2 2 2 2 2 2 2 1 1 1 1 2 1 2 2 2 1 2 1 1 1 1 1 1 1 2 1 1 2 2 1 1 1 2 2 1 2 1 1 1 2 2 2 1 2 1 2 2 2 1 2 2 1 2 2 1 2 2 2 1 1 2 2 1 2 1 1 1 2 1 0 1 1 2 2 2 1 1 1 1 1 2 2 1 2 2 2 2 2 2 1 2 1
78: 2 2 2 2 2 1 2 2 1 2 2 2 2 2 1 2 1 1 1 1 2 1 2 1 2 2 1 1 1 1 1 2 2 1 1 1 2 1 2 2 2 2 2 1 2 1 1 2 1 2 2 1 2 2 1 1 1 1 2 1 2 1 2 1 1 1 2 2 1 2 2 2 2 1 2 2 2 1 0 1 2 2 2 1 2 1 1 1 2 1 1 1 2 2 2 1 1 2 2 1
79: 1 1 1 2 2 1 2 1 2 1 2 1 2 2 1 1 1 2 1 1 2 2 2 1 2 2 2 1 1 1 1 1 1 2 2 2 2 1 1 2 1 1 1 2 1 2 1 2 1 2 2 2 2 2 1 2 1 2 2 2 1 1 1 2 2 2 2 2 2 1 1 2 2 1 1 2 1 1 1 0 1 1 1 1 1 2 2 2 1 1 2 2 2 1 1 1 2 2 1 2
80: 2 1 1 1 2 1 2 1 2 2 2 2 2 1 1 1 1 2 2 1 2 2 1 2 2 1 1 1 1 2 2 1 2 1 2 1 1 2 1 1 1 2 2 2 2 1 2 2 2 2 2 1 1 1 2 2 1 1 2 1 2 2 2 1 1 1 1 2 2 2 1 2 2 1 2 1 1 2 2 1 0 2 2 2 1 2 2 1 1 2 2 1 1 2 2 1 2 1 2 2
81: 2 1 2 1 1 1 1 2 2 1 2 1 2 1 2 1 1 1 2 1 2 2 1 1 1 2 1 1 1 2 1 1 2 2 1 2 2 1 1 1 2 1 1 1 2 2 1 2 2 1 2 1 1 1 2 2 2 1 1 1 2 2 2 2 2 1 2 1 1 2 2 1 2 1 2 2 2 2 2 1 2 0 2 2 1 1 1 1 1 1 2 2 1 2 2 2 1 2 1 2
82: 2 1 2 2 1 1 2 1 2 1 2 1 1 2 1 1 1 1 1 2 2 1 1 2 2 2 2 2 2 1 1 1 1 2 1 1 2 2 1 1 2 1 1 1 2 1 2 2 1 1 1 2 1 2 2 2 1 1 1 2 1 1 2 1 2 1 1 1 1 1 2 1 2 1 2 1 1 2 2 1 2 2 0 2 2 1 2 1 2 2 1 2 2 1 1 1 2 1 2 1
83: 1 1 1 1 2 1 1 1 2 1 1 1 2 2 1 2 2 1 2 2 1 1 1 2 1 1 2 1 1 1 1 2 2 2 2 2 1 2 1 2 2 2 1 1 1 1 2 2 2 2 1 2 2 2 1 2 1 1 1 1 1 2 2 1 2 2 1 1 2 2 2 1 1 1 1 1 1 1 1 1 2 2 2 0 2 2 1 2 2 1 1 1 2 2 1 2 2 1 2 1
84: 1 2 1 1 2 2 1 1 2 1 1 2 2 2 1 1 1 1 2 1 2 1 1 1 2 1 1 1 1 2 2 2 2 1 1 1 1 1 1 1 1 1 2 2 2 2 1 2 2 2 1 2 1 1 2 2 2 2 1 2 1 2 1 1 2 1 2 2 2 2 1 2 1 2 2 2 1 1 2 1 1 1 2 2 0 2 2 1 2 2 2 1 1 1 1 2 2 1 2 2
85: 1 1 2 1 2 1 1 1 1 1 2 1 1 1 1 1 2 1 1 1 1 2 1 2 2 2 2 2 1 1 1 1 2 2 2 1 2 1 2 1 1 2 2 1 2 1 2 1 1 2 2 1 2 2 1 2 1 2 2 1 2 2 2 2 1 2 1 1 2 1 2 2 2 1 2 2 1 1 1 2 2 1 1 2 2 0 2 1 2 2 2 2 2 1 2 2 2 2 2 1
86: 1 1 1 2 1 1 1 2 1 1 2 2 1 2 2 1 2 1 2 1 1 2 2 2 2 1 2 2 2 1 1 2 2 1 1 1 1 1 1 1 1 1 1 2 2 2 1 1 1 2 2 1 2 2 2 1 2 2 2 2 1 2 1 1 1 1 1 2 1 1 1 2 1 1 2 2 1 1 1 2 2 1 2 1 2 2 0 1 1 2 1 1 2 1 1 2 2 1 1 2
87: 1 1 2 1 1 2 1 2 1 2 1 1 2 2 2 1 1 1 1 2 2 2 2 1 2 2 2 1 1 2 1 2 2 2 2 1 2 1 1 2 2 1 2 1 2 2 1 1 1 1 2 2 1 1 1 2 2 1 1 1 1 1 1 1 2 2 1 2 1 1 2 1 1 2 1 2 2 1 1 2 1 1 1 2 1 1 1 0 2 2 1 2 1 2 2 1 2 2 1 1
88: 1 2 1 1 2 1 1 1 2 1 2 2 1 1 2 2 2 2 1 1 2 1 1 2 2 1 2 2 1 1 1 2 2 1 1 2 1 1 1 2 2 1 2 2 2 2 2 2 1 2 2 2 2 1 1 2 1 2 2 2 1 2 2 1 1 1 2 2 1 2 2 2 2 1 2 2 1 2 2 1 1 1 2 2 2 2 1 2 0 2 1 1 2 2 2 2 1 1 2 2
89: 1 2 2 2 2 2 2 2 1 1 2 1 2 1 1 1 2 2 1 2 2 1 1 2 2 1 1 2 1 1 1 1 2 2 1 2 1 2 1 1 1 1 1 2 1 1 2 2 2 2 2 2 1 2 2 1 2 1 1 1 1 1 2 2 2 1 2 1 2 2 1 2 1 2 1 1 1 2 1 1 2 1 2 1 2 2 2 2 2 0 1 1 2 1 1 2 1 2 1 1
90: 2 2 1 1 1 2 1 1 2 1 2 1 1 2 1 2 2 1 1 2 1 2 2 2 1 2 2 2 2 2 1 2 2 1 2 1 1 2 2 2 1 2 2 1 1 2 2 1 2 2 1 1 2 2 2 2 1 2 1 2 1 1 2 2 2 2 1 2 1 1 2 2 1 2 2 1 1 1 1 2 2 2 1 1 2 2 1 1 1 1 0 1 1 1 1 2 2 1 1 2
91: 2 2 1 1 1 1 1 2 1 1 2 2 1 1 2 2 1 1 2 1 1 2 2 1 2 2 2 2 2 1 2 2 1 2 1 1 1 1 1 2 1 1 2 1 2 2 2 1 2 1 1 1 1 1 1 2 1 2 2 1 1 2 2 1 2 1 1 2 2 2 2 1 1 2 1 2 2 2 1 2 1 2 2 1 1 2 1 2 1 1 1 0 1 2 1 2 2 1 1 1
92: 1 2 2 1 2 2 2 1 1 2 2 1 1 2 2 2 1 2 1 2 1 2 2 1 2 1 2 2 1 2 1 1 2 2 1 1 1 2 1 1 2 1 2 2 2 2 2 2 2 1 1 2 1 2 1 2 2 2 2 1 1 1 1 1 2 2 2 2 1 2 2 1 1 1 1 1 2 2 2 2 1 1 2 2 1 2 2 1 2 2 1 1 0 1 2 2 1 2 2 1
93: 1 2 1 2 2 1 2 1 2 1 2 1 2 1 2 1 1 2 2 1 1 1 1 1 1 1 2 1 2 2 2 2 2 1 1 1 1 2 2 1 1 1 1 1 1 2 1 2 2 2 1 2 1 1 1 2 1 2 2 1 1 1 1 1 1 1 2 2 1 1 2 2 1 2 2 2 1 2 2 1 2 2 1 2 1 1 1 2 2 1 1 2 1 0 1 1 2 2 2 1
94: 1 1 2 1 2 2 2 2 2 2 1 1 1 1 1 1 2 2 1 2 1 2 1 2 2 1 2 2 1 1 1 1 1 2 2 2 1 2 2 1 2 1 2 1 1 2 2 2 2 1 1 1 2 2 2 1 1 2 1 1 2 1 2 2 2 1 2 2 2 2 2 2 2 2 1 1 1 2 2 1 2 2 1 1 1 2 1 2 2 1 1 1 2 1 0 2 1 2 2 2
95: 2 1 2 1 1 1 1 1 1 1 1 1 2 2 2 1 1 2 1 2 1 2 1 1 2 2 2 1 1 1 2 2 1 1 1 1 1 1 2 2 2 1 2 1 1 2 2 1 1 2 2 2 2 1 1 2 1 2 1 1 1 1 1 2 2 1 1 2 2 1 2 2 2 2 1 2 1 2 1 1 1 2 1 2 2 2 2 1 2 2 2 2 2 1 2 0 2 2 1 2
96: 1 1 2 1 1 2 2 2 2 1 2 2 1 2 2 2 2 1 1 1 2 1 1 2 2 1 2 2 2 1 1 1 2 1 1 1 1 1 1 1 1 1 1 1 1 1 2 2 2 2 2 2 1 1 2 2 1 2 2 1 2 2 2 2 1 1 1 1 1 1 2 2 2 2 1 2 1 2 1 2 2 1 2 2 2 2 2 2 1 1 2 2 1 2 1 2 0 2 2 1
97: 2 1 2 1 1 2 2 2 1 2 2 1 2 1 2 1 1 1 1 1 2 2 1 1 2 1 1 2 2 2 2 1 1 2 1 2 2 1 1 1 1 1 2 2 1 2 1 2 2 1 2 2 1 1 1 1 1 1 1 2 2 1 2 2 1 1 1 1 1 1 1 1 1 1 2 2 1 1 2 2 1 2 1 1 1 2 1 2 1 2 1 1 2 2 2 2 2 0 2 2
98: 2 1 1 2 2 1 2 1 1 2 2 2 1 1 2 1 1 1 2 2 1 2 2 1 2 2 2 1 1 1 2 2 1 2 2 1 1 1 2 2 2 1 1 1 2 1 1 2 2 2 1 2 2 1 1 2 1 2 2 2 1 2 1 1 2 1 1 1 1 2 1 1 2 2 2 2 1 2 2 1 2 1 2 2 2 2 1 1 2 1 1 1 2 2 2 1 2 2 0 1
99: 2 1 2 1 2 2 2 1 2 2 2 1 2 2 1 1 2 2 2 2 1 1 1 2 1 2 1 2 1 2 2 2 2 1 2 2 1 1 1 2 2 2 2 2 1 1 2 1 2 1 1 1 2 2 2 2 2 2 1 2 1 2 2 1 2 1 1 2 2 2 2 2 1 2 2 1 2 1 1 2 2 2 1 1 2 1 2 1 2 1 2 1 1 1 2 2 1 2 1 0
