20 10 38

0: 0 0 0 0 1 1 1 0 0 0 0 0 0 0 0 1 0 0 1 1
1: 1 0 1 1 0 0 0 1 0 1 0 0 1 0 0 1 0 0 0 0
2: 0 1 1 0 0 1 0 0 0 0 0 0 0 1 0 0 1 0 0 1
3: 1 0 1 0 1 1 1 0 0 0 0 0 0 0 1 0 0 0 1 0
4: 0 1 0 0 0 0 0 1 1 0 0 0 0 1 0 0 0 0 0 1
5: 1 0 0 0 1 0 1 0 0 1 0 0 0 1 0 1 1 1 1 0
6: 0 0 0 0 0 0 0 1 0 1 1 0 0 0 0 0 0 0 0 0
7: 0 1 0 0 0 0 0 1 0 0 0 0 0 0 0 0 0 0 0 1
8: 0 0 0 0 0 0 0 0 0 0 0 0 0 0 0 0 0 0 0 1
9: 0 0 0 0 0 0 0 0 0 1 0 0 0 0 0 0 1 1 1 0

0: 0 2 2 1 1 1 2 1 2 2 2 1 1 2 1 1 2 2 1 1
1: 2 0 1 2 2 2 1 2 2 2 2 2 2 2 2 1 1 2 1 2
2: 2 1 0 2 1 1 2 2 2 1 2 1 2 2 2 1 2 2 2 1
3: 1 2 2 0 1 1 1 1 1 1 1 1 2 1 1 1 2 2 1 1
4: 1 2 1 1 0 2 2 1 2 2 1 1 1 1 2 1 1 1 1 1
5: 1 2 1 1 2 0 2 1 1 1 1 2 1 1 1 1 2 2 2 2
6: 2 1 2 1 2 2 0 1 1 2 1 1 2 1 2 2 1 2 1 2
7: 1 2 2 1 1 1 1 0 1 1 2 1 2 1 1 1 1 1 1 1
8: 2 2 2 1 2 1 1 1 0 2 2 2 2 2 1 1 2 1 1 1
9: 2 2 1 1 2 1 2 1 2 0 2 2 1 2 2 2 2 2 1 2
10: 2 2 2 1 1 1 1 2 2 2 0 1 1 1 2 2 2 1 2 2
11: 1 2 1 1 1 2 1 1 2 2 1 0 1 2 2 1 2 2 2 1
12: 1 2 2 2 1 1 2 2 2 1 1 1 0 1 1 2 2 2 2 2
13: 2 2 2 1 1 1 1 1 2 2 1 2 1 0 1 2 1 2 1 2
14: 1 2 2 1 2 1 2 1 1 2 2 2 1 1 0 1 1 1 1 1
15: 1 1 1 1 1 1 2 1 1 2 2 1 2 2 1 0 1 1 1 1
16: 2 1 2 2 1 2 1 1 2 2 2 2 2 1 1 1 0 1 2 1
17: 2 2 2 2 1 2 2 1 1 2 1 2 2 2 1 1 1 0 2 2
18: 1 1 2 1 1 2 1 1 1 1 2 2 2 1 1 1 2 2 0 2
19: 1 2 1 1 1 2 2 1 1 2 2 1 2 2 1 1 1 2 2 0
