20 10 38

0: 0 0 0 0 0 0 1 0 0 0 0 0 0 0 0 0 1 0 0 0
1: 0 0 0 0 1 0 0 0 0 1 0 0 0 1 0 0 0 0 0 0
2: 0 0 0 0 1 0 0 0 0 1 0 0 0 0 0 0 0 0 0 1
3: 0 1 0 0 0 0 0 0 0 0 0 0 0 0 0 0 0 0 1 0
4: 0 0 1 0 0 0 0 0 0 1 0 0 0 0 1 1 0 0 0 1
5: 1 0 0 0 0 0 0 0 0 0 1 1 1 0 0 0 0 0 0 0
6: 0 0 0 0 0 0 0 1 0 0 1 0 1 0 0 1 0 0 0 1
7: 1 1 0 0 0 1 0 0 0 1 0 0 1 1 1 1 0 1 0 1
8: 0 0 0 1 1 0 1 0 0 0 0 0 0 1 0 0 0 1 0 1
9: 0 0 1 0 0 0 0 0 0 0 0 0 1 1 0 0 0 1 0 0

0: 0 2 2 1 2 1 2 1 1 1 2 1 2 1 1 2 2 1 2 1
1: 2 0 2 2 1 2 1 2 2 2 2 2 1 2 1 2 2 1 2 1
2: 2 2 0 1 1 1 2 2 2 1 1 1 2 2 1 1 1 1 1 2
3: 1 2 1 0 1 2 1 1 1 2 1 2 1 1 1 1 2 2 2 2
4: 2 1 1 1 0 2 1 2 1 1 1 2 2 2 2 2 2 2 2 2
5: 1 2 1 2 2 0 2 1 2 1 2 2 1 2 2 2 2 1 2 1
6: 2 1 2 1 1 2 0 1 1 2 1 1 2 2 1 1 1 2 1 2
7: 1 2 2 1 2 1 1 0 1 2 1 1 1 2 2 1 2 2 1 2
8: 1 2 2 1 1 2 1 1 0 2 2 1 1 1 2 2 2 1 1 2
9: 1 2 1 2 1 1 2 2 2 0 2 2 2 1 2 2 2 1 1 2
10: 2 2 1 1 1 2 1 1 2 2 0 2 2 2 2 2 2 1 1 2
11: 1 2 1 2 2 2 1 1 1 2 2 0 1 2 1 2 2 2 2 2
12: 2 1 2 1 2 1 2 1 1 2 2 1 0 1 2 2 1 2 2 2
13: 1 2 2 1 2 2 2 2 1 1 2 2 1 0 2 1 1 2 2 2
14: 1 1 1 1 2 2 1 2 2 2 2 1 2 2 0 2 1 2 1 1
15: 2 2 1 1 2 2 1 1 2 2 2 2 2 1 2 0 1 2 2 2
16: 2 2 1 2 2 2 1 2 2 2 2 2 1 1 1 1 0 2 1 1
17: 1 1 1 2 2 1 2 2 1 1 1 2 2 2 2 2 2 0 1 1
18: 2 2 1 2 2 2 1 1 1 1 1 2 2 2 1 2 1 1 0 2
19: 1 1 2 2 2 1 2 2 2 2 2 2 2 2 1 2 1 1 2 0
