20 10 38

0: 1 0 0 0 0 0 0 0 1 0 1 0 0 0 1 1 0 0 0 1
1: 0 0 0 0 0 0 0 0 0 0 0 0 0 1 0 0 0 0 0 0
2: 0 0 0 1 0 0 0 0 1 0 0 0 0 1 0 0 0 0 0 0
3: 0 0 0 0 0 0 0 0 1 0 0 0 1 0 1 1 0 0 1 0
4: 1 0 1 0 0 0 1 0 0 1 0 0 0 0 0 0 0 0 0 0
5: 0 0 0 1 0 0 1 0 0 0 0 0 0 0 0 1 0 0 0 1
6: 0 0 1 0 0 0 0 1 0 0 0 1 1 0 0 0 0 0 0 1
7: 1 1 0 0 0 0 0 0 0 0 0 0 1 0 1 0 0 0 0 0
8: 0 0 0 0 0 0 0 0 0 0 0 1 0 0 0 0 0 1 0 0
9: 0 0 0 0 0 0 0 0 1 0 0 0 0 0 0 0 0 1 1 0

0: 0 1 2 2 1 1 2 2 1 1 1 2 1 2 1 1 2 2 2 2
1: 1 0 2 1 2 1 2 1 1 2 2 1 1 2 1 2 2 2 1 1
2: 2 2 0 1 1 2 1 1 2 2 2 2 2 2 1 1 1 2 2 2
3: 2 1 1 0 2 1 1 2 2 2 1 2 1 2 1 1 2 1 1 1
4: 1 2 1 2 0 2 1 1 1 1 1 2 1 1 2 1 2 1 2 2
5: 1 1 2 1 2 0 2 1 2 2 1 1 2 2 2 2 2 1 2 1
6: 2 2 1 1 1 2 0 1 1 2 2 2 2 2 2 1 2 2 1 2
7: 2 1 1 2 1 1 1 0 1 2 2 2 1 1 1 1 2 1 2 2
8: 1 1 2 2 1 2 1 1 0 1 1 1 2 2 2 2 1 1 2 2
9: 1 2 2 2 1 2 2 2 1 0 1 2 2 2 2 2 1 2 1 2
10: 1 2 2 1 1 1 2 2 1 1 0 1 2 1 2 1 1 2 1 1
11: 2 1 2 2 2 1 2 2 1 2 1 0 1 1 2 2 1 2 1 1
12: 1 1 2 1 1 2 2 1 2 2 2 1 0 2 2 2 2 2 1 1
13: 2 2 2 2 1 2 2 1 2 2 1 1 2 0 2 2 1 2 2 2
14: 1 1 1 1 2 2 2 1 2 2 2 2 2 2 0 2 2 2 1 1
15: 1 2 1 1 1 2 1 1 2 2 1 2 2 2 2 0 1 1 2 1
16: 2 2 1 2 2 2 2 2 1 1 1 1 2 1 2 1 0 1 1 1
17: 2 2 2 1 1 1 2 1 1 2 2 2 2 2 2 1 1 0 1 2
18: 2 1 2 1 2 2 1 2 2 1 1 1 1 2 1 2 1 1 0 2
19: 2 1 2 1 2 1 2 2 2 2 1 1 1 2 1 1 1 2 2 0
