20 10 38

0: 0 0 0 0 0 0 0 0 0 0 0 0 0 1 0 0 0 0 0 0
1: 0 0 0 0 0 0 0 1 0 0 0 0 0 1 0 0 0 0 0 0
2: 0 0 0 0 0 0 1 0 0 0 0 0 1 0 0 0 0 0 0 0
3: 0 0 0 0 0 0 0 1 0 0 0 0 0 0 0 1 0 0 0 0
4: 0 0 0 0 0 0 0 0 0 0 0 0 0 0 0 1 0 0 0 0
5: 1 0 0 0 0 0 0 0 0 0 0 0 0 0 0 0 0 0 0 0
6: 0 1 0 0 0 0 0 0 0 0 0 1 0 0 0 0 0 0 0 0
7: 0 0 0 0 0 0 0 0 0 0 0 0 0 0 0 0 0 0 0 0
8: 0 0 0 0 1 1 0 1 0 0 0 0 0 0 1 1 0 0 0 0
9: 0 0 0 0 0 0 1 0 0 0 1 0 0 0 0 0 0 0 0 0

0: 0 1 2 2 1 2 2 2 1 1 2 1 1 2 2 2 1 1 1 1
1: 1 0 2 2 2 2 2 2 1 2 2 1 2 1 2 2 1 1 2 2
2: 2 2 0 1 1 1 2 1 2 2 1 1 2 1 1 2 1 1 1 2
3: 2 2 1 0 1 1 1 2 1 1 1 2 1 1 1 2 1 1 2 1
4: 1 2 1 1 0 2 2 2 2 1 1 1 1 2 2 1 1 2 1 2
5: 2 2 1 1 2 0 1 2 2 1 1 2 1 1 1 1 2 1 2 2
6: 2 2 2 1 2 1 0 2 1 2 1 2 2 1 2 1 1 1 1 1
7: 2 2 1 2 2 2 2 0 1 2 2 2 1 2 2 1 2 1 1 1
8: 1 1 2 1 2 2 1 1 0 2 1 1 1 1 1 2 1 1 2 2
9: 1 2 2 1 1 1 2 2 2 0 2 1 1 2 2 2 1 1 2 1
10: 2 2 1 1 1 1 1 2 1 2 0 2 2 1 1 2 2 2 2 2
11: 1 1 1 2 1 2 2 2 1 1 2 0 1 2 1 2 1 2 2 1
12: 1 2 2 1 1 1 2 1 1 1 2 1 0 1 1 1 1 1 2 2
13: 2 1 1 1 2 1 1 2 1 2 1 2 1 0 1 2 1 1 1 1
14: 2 2 1 1 2 1 2 2 1 2 1 1 1 1 0 1 2 1 2 2
15: 2 2 2 2 1 1 1 1 2 2 2 2 1 2 1 0 1 2 1 2
16: 1 1 1 1 1 2 1 2 1 1 2 1 1 1 2 1 0 1 2 1
17: 1 1 1 1 2 1 1 1 1 1 2 2 1 1 1 2 1 0 1 1
18: 1 2 1 2 1 2 1 1 2 2 2 2 2 1 2 1 2 1 0 2
19: 1 2 2 1 2 2 1 1 2 1 2 1 2 1 2 2 1 1 2 0
