20 10 171

0: 0 1 1 1 0 0 0 0 0 0 0 1 0 0 0 0 1 1 0 0
1: 0 0 0 0 1 1 0 0 0 1 0 1 0 0 0 0 0 0 1 1
2: 0 0 0 0 0 1 0 0 0 0 0 0 0 0 0 1 0 0 0 0
3: 0 1 0 0 0 0 0 0 0 0 0 0 1 0 1 0 1 0 1 0
4: 0 0 0 0 0 0 0 0 1 0 0 0 0 0 0 1 0 1 1 0
5: 1 0 0 0 1 0 0 0 0 0 0 0 0 1 0 1 1 1 0 0
6: 0 1 1 1 1 0 1 0 1 0 0 0 1 1 0 0 0 0 0 1
7: 1 0 0 0 0 0 0 0 0 0 1 1 0 0 0 0 0 0 0 0
8: 1 0 0 0 0 0 0 0 0 0 0 0 1 0 0 0 0 0 0 0
9: 1 0 1 1 0 0 0 0 0 0 1 0 1 0 1 0 0 0 0 1

0: 0 1 1 9 6 1 9 4 9 6 3 3 3 8 6 6 9 5 5 9
1: 1 0 6 2 6 9 8 4 5 3 2 8 5 6 4 4 3 1 9 5
2: 1 6 0 7 9 8 6 4 9 7 9 9 2 7 8 1 2 6 3 4
3: 9 2 7 0 5 5 9 1 2 3 3 3 6 5 2 8 9 3 3 6
4: 6 6 9 5 0 2 2 3 8 3 1 1 5 2 5 7 5 7 9 3
5: 1 9 8 5 2 0 8 8 3 2 9 2 7 8 5 6 5 4 3 1
6: 9 8 6 9 2 8 0 5 2 1 6 4 5 8 7 5 1 2 3 6
7: 4 4 4 1 3 8 5 0 1 5 8 1 4 7 5 1 5 9 5 2
8: 9 5 9 2 8 3 2 1 0 8 9 7 5 3 7 4 5 7 5 2
9: 6 3 7 3 3 2 1 5 8 0 4 5 6 6 8 3 2 3 6 9
10: 3 2 9 3 1 9 6 8 9 4 0 7 5 9 1 5 2 4 5 6
11: 3 8 9 3 1 2 4 1 7 5 7 0 9 9 7 1 4 3 5 7
12: 3 5 2 6 5 7 5 4 5 6 5 9 0 9 5 4 7 8 9 3
13: 8 6 7 5 2 8 8 7 3 6 9 9 9 0 2 8 1 7 7 6
14: 6 4 8 2 5 5 7 5 7 8 1 7 5 2 0 3 9 4 7 4
15: 6 4 1 8 7 6 5 1 4 3 5 1 4 8 3 0 7 2 4 6
16: 9 3 2 9 5 5 1 5 5 2 2 4 7 1 9 7 0 7 1 4
17: 5 1 6 3 7 4 2 9 7 3 4 3 8 7 4 2 7 0 2 4
18: 5 9 3 3 9 3 3 5 5 6 5 5 9 7 7 4 1 2 0 4
19: 9 5 4 6 3 1 6 2 2 9 6 7 3 6 4 6 4 4 4 0
