40 17 12

0: 0 1 1 0 0 0 0 0 0 1 0 0 0 0 0 0 1 0 0 0 0 0 0 0 0 0 0 0 0 0 0 0 0 0 0 0 0 0 0 1
1: 0 0 0 0 0 0 0 0 0 0 0 1 0 0 0 0 0 0 1 0 0 0 0 0 0 0 0 0 0 0 0 0 0 1 1 0 0 1 0 0
2: 0 0 0 0 0 0 1 0 0 0 0 0 0 0 0 0 0 0 0 1 1 1 0 0 0 0 0 0 0 0 0 0 0 0 1 0 0 0 0 0
3: 1 0 0 0 0 0 0 0 1 0 0 0 0 0 0 0 0 0 0 0 0 1 0 1 1 0 0 0 0 0 0 0 0 0 0 0 0 0 0 0
4: 0 0 0 0 0 0 0 0 0 0 0 0 0 0 0 0 0 0 0 0 1 0 0 0 1 0 1 1 0 0 0 0 0 1 0 0 0 0 0 0
5: 0 0 0 0 0 0 1 0 1 0 0 0 0 0 0 0 0 1 0 1 0 0 1 0 0 0 0 0 0 0 0 0 0 0 0 0 0 0 0 0
6: 0 0 0 0 0 0 0 0 0 0 0 0 0 0 0 0 0 0 0 0 0 0 0 1 0 0 0 0 0 1 0 1 0 0 1 1 0 0 0 0
7: 0 0 0 0 0 0 0 1 0 1 0 1 0 1 0 0 0 0 0 0 0 0 0 0 0 0 0 0 0 0 0 0 0 0 0 0 0 0 0 1
8: 0 0 0 0 0 0 0 0 0 0 0 0 0 1 1 0 0 0 0 0 0 0 1 0 0 0 0 0 0 0 0 1 0 0 0 0 1 0 0 0
9: 0 0 0 0 0 1 0 1 0 0 1 0 0 0 0 0 0 0 0 0 0 0 0 0 1 0 0 0 0 0 0 1 0 0 0 0 0 0 0 0
10: 0 0 0 0 0 1 0 0 0 1 0 0 0 1 0 0 0 0 0 0 0 1 0 0 0 0 0 0 0 0 0 0 0 0 0 0 0 0 0 1
11: 0 0 0 0 0 1 0 0 0 0 1 0 0 0 0 0 0 0 0 1 0 0 0 0 0 0 0 0 0 0 0 0 0 0 0 0 1 0 0 1
12: 0 0 0 0 0 0 0 1 1 0 0 0 0 0 0 0 0 0 0 0 0 0 0 1 0 0 0 1 1 0 0 0 0 0 0 0 0 0 0 0
13: 0 1 0 0 1 0 0 0 0 0 0 0 0 0 0 0 0 1 0 0 1 0 0 0 1 0 0 0 0 0 0 0 0 0 0 0 0 0 0 0
14: 0 0 0 0 1 0 0 0 0 0 0 0 0 0 0 0 0 0 0 0 0 0 1 0 0 0 1 1 1 0 0 0 0 0 0 0 0 0 0 0
15: 0 0 0 1 0 0 0 0 0 0 0 0 0 0 0 0 0 0 1 0 1 0 0 0 0 0 0 0 0 0 0 0 0 0 0 1 0 0 1 0
16: 0 0 0 0 0 0 0 1 1 0 0 0 0 0 0 1 1 0 0 0 0 0 0 0 0 0 0 0 0 0 0 1 0 0 0 0 0 0 0 0

0: 0 2 1 1 1 1 2 2 2 1 1 2 2 1 2 2 1 2 1 2 1 1 2 2 1 1 1 1 2 1 1 2 2 2 1 1 1 2 1 1
1: 2 0 1 1 1 1 2 2 2 1 2 2 1 1 1 2 2 1 1 2 2 1 2 1 2 2 1 2 2 1 1 2 2 1 1 2 1 2 2 2
2: 1 1 0 2 1 1 1 1 2 2 1 1 2 1 1 1 2 2 2 2 2 2 1 1 2 2 2 2 2 1 2 2 2 2 1 2 1 1 2 2
3: 1 1 2 0 1 2 2 2 1 1 1 1 1 1 2 1 2 1 1 1 2 2 2 1 1 1 2 1 2 2 2 1 1 2 2 2 2 2 1 1
4: 1 1 1 1 0 1 2 2 2 1 2 1 1 2 1 2 1 1 1 2 2 1 1 2 2 1 2 2 1 1 1 2 1 1 1 2 1 1 1 2
5: 1 1 1 2 1 0 1 2 1 2 1 1 1 1 2 1 1 1 1 2 1 2 2 2 1 2 1 2 1 1 1 1 1 2 1 2 2 2 2 1
6: 2 2 1 2 2 1 0 2 2 1 1 2 2 2 1 2 2 2 1 1 2 1 2 1 2 1 2 2 1 1 2 2 1 2 1 2 1 2 1 2
7: 2 2 1 2 2 2 2 0 2 1 2 2 1 2 1 1 1 1 2 1 1 2 1 2 1 1 2 1 2 2 2 2 1 2 1 2 2 2 2 1
8: 2 2 2 1 2 1 2 2 0 1 1 2 2 2 1 2 1 1 2 1 2 2 1 1 1 1 1 1 2 1 1 2 2 1 2 2 1 2 2 1
9: 1 1 2 1 1 2 1 1 1 0 1 2 1 2 2 2 2 1 1 1 2 1 1 2 1 1 2 1 2 1 2 1 2 2 2 2 1 2 2 2
10: 1 2 1 1 2 1 1 2 1 1 0 1 2 2 2 1 2 1 1 1 1 1 2 1 2 2 2 2 1 2 1 2 1 1 2 1 1 2 1 1
11: 2 2 1 1 1 1 2 2 2 2 1 0 2 1 2 1 2 2 1 2 1 1 2 1 2 2 2 2 1 2 1 1 2 2 1 1 1 1 1 2
12: 2 1 2 1 1 1 2 1 2 1 2 2 0 1 1 2 2 2 1 1 1 2 1 1 2 2 2 2 2 1 1 1 1 1 1 1 1 2 1 1
13: 1 1 1 1 2 1 2 2 2 2 2 1 1 0 1 1 2 2 2 1 1 1 2 1 1 1 1 1 2 2 2 2 1 1 1 1 2 1 1 1
14: 2 1 1 2 1 2 1 1 1 2 2 2 1 1 0 1 1 2 2 1 1 2 2 2 2 2 2 1 1 1 2 1 1 1 1 2 1 1 2 2
15: 2 2 1 1 2 1 2 1 2 2 1 1 2 1 1 0 1 1 1 1 1 1 1 2 2 2 2 1 2 2 2 2 1 2 1 1 1 2 1 1
16: 1 2 2 2 1 1 2 1 1 2 2 2 2 2 1 1 0 2 1 2 2 1 2 2 2 2 2 1 1 2 2 2 2 2 1 1 1 1 2 2
17: 2 1 2 1 1 1 2 1 1 1 1 2 2 2 2 1 2 0 2 2 1 2 1 1 2 1 1 2 2 2 1 1 1 2 1 2 1 1 1 1
18: 1 1 2 1 1 1 1 2 2 1 1 1 1 2 2 1 1 2 0 1 1 2 2 2 1 1 2 1 1 1 1 1 1 1 1 1 2 1 1 2
19: 2 2 2 1 2 2 1 1 1 1 1 2 1 1 1 1 2 2 1 0 2 2 1 2 2 2 2 1 2 1 1 2 2 1 2 2 2 1 1 1
20: 1 2 2 2 2 1 2 1 2 2 1 1 1 1 1 1 2 1 1 2 0 2 2 1 1 2 2 2 2 2 1 1 2 2 2 1 1 1 1 1
21: 1 1 2 2 1 2 1 2 2 1 1 1 2 1 2 1 1 2 2 2 2 0 2 2 2 2 1 1 1 2 1 2 2 1 1 1 2 1 2 2
22: 2 2 1 2 1 2 2 1 1 1 2 2 1 2 2 1 2 1 2 1 2 2 0 1 1 2 1 1 2 2 1 2 1 1 1 2 2 1 1 1
23: 2 1 1 1 2 2 1 2 1 2 1 1 1 1 2 2 2 1 2 2 1 2 1 0 2 2 1 2 1 1 2 1 2 2 2 1 1 2 1 2
24: 1 2 2 1 2 1 2 1 1 1 2 2 2 1 2 2 2 2 1 2 1 2 1 2 0 1 2 2 2 2 2 1 2 1 1 1 2 2 1 2
25: 1 2 2 1 1 2 1 1 1 1 2 2 2 1 2 2 2 1 1 2 2 2 2 2 1 0 1 2 2 2 1 2 2 1 2 1 1 2 1 1
26: 1 1 2 2 2 1 2 2 1 2 2 2 2 1 2 2 2 1 2 2 2 1 1 1 2 1 0 1 1 1 2 1 1 1 2 2 2 2 1 1
27: 1 2 2 1 2 2 2 1 1 1 2 2 2 1 1 1 1 2 1 1 2 1 1 2 2 2 1 0 1 1 1 2 2 2 2 2 1 1 1 2
28: 2 2 2 2 1 1 1 2 2 2 1 1 2 2 1 2 1 2 1 2 2 1 2 1 2 2 1 1 0 2 2 1 1 1 2 1 1 2 1 2
29: 1 1 1 2 1 1 1 2 1 1 2 2 1 2 1 2 2 2 1 1 2 2 2 1 2 2 1 1 2 0 1 1 2 1 1 2 2 1 2 2
30: 1 1 2 2 1 1 2 2 1 2 1 1 1 2 2 2 2 1 1 1 1 1 1 2 2 1 2 1 2 1 0 2 2 1 2 1 2 2 1 2
31: 2 2 2 1 2 1 2 2 2 1 2 1 1 2 1 2 2 1 1 2 1 2 2 1 1 2 1 2 1 1 2 0 2 2 2 2 2 1 2 2
32: 2 2 2 1 1 1 1 1 2 2 1 2 1 1 1 1 2 1 1 2 2 2 1 2 2 2 1 2 1 2 2 2 0 2 2 2 1 1 1 2
33: 2 1 2 2 1 2 2 2 1 2 1 2 1 1 1 2 2 2 1 1 2 1 1 2 1 1 1 2 1 1 1 2 2 0 1 2 1 2 2 1
34: 1 1 1 2 1 1 1 1 2 2 2 1 1 1 1 1 1 1 1 2 2 1 1 2 1 2 2 2 2 1 2 2 2 1 0 2 2 2 1 2
35: 1 2 2 2 2 2 2 2 2 2 1 1 1 1 2 1 1 2 1 2 1 1 2 1 1 1 2 2 1 2 1 2 2 2 2 0 1 1 1 1
36: 1 1 1 2 1 2 1 2 1 1 1 1 1 2 1 1 1 1 2 2 1 2 2 1 2 1 2 1 1 2 2 2 1 1 2 1 0 1 1 2
37: 2 2 1 2 1 2 2 2 2 2 2 1 2 1 1 2 1 1 1 1 1 1 1 2 2 2 2 1 2 1 2 1 1 2 2 1 1 0 1 1
38: 1 2 2 1 1 2 1 2 2 2 1 1 1 1 2 1 2 1 1 1 1 2 1 1 1 1 1 1 1 2 1 2 1 2 1 1 1 1 0 2
39: 1 2 2 1 2 1 2 1 1 2 1 2 1 1 2 1 2 1 2 1 1 2 1 2 2 1 1 2 2 2 2 2 2 1 2 1 2 1 2 0
