40 13 12

0: 1 0 0 0 0 0 1 0 0 0 1 0 0 0 0 0 0 0 0 0 1 0 0 0 0 0 0 0 0 0 0 0 0 0 0 0 0 1 0 0
1: 0 0 0 0 0 0 0 0 0 0 1 0 0 0 0 0 0 0 0 0 1 1 0 1 0 0 0 0 0 0 0 0 0 0 1 0 0 0 0 0
2: 0 0 0 0 0 0 0 0 0 0 0 0 1 0 1 0 0 0 0 0 0 0 0 0 0 1 0 0 0 0 0 1 0 0 0 0 1 0 0 0
3: 0 0 0 0 0 0 0 0 1 0 0 0 1 0 0 0 0 1 0 0 0 0 0 0 0 0 1 0 0 1 0 0 0 0 0 0 0 0 0 0
4: 1 1 0 0 0 0 0 0 0 0 0 0 0 1 0 0 0 1 0 0 0 0 0 0 0 0 0 0 0 0 0 0 0 0 0 1 0 0 0 0
5: 0 0 0 0 0 0 0 0 0 0 1 1 0 0 1 0 1 1 0 0 0 0 0 0 0 0 0 0 0 0 0 0 0 0 0 0 0 0 0 0
6: 0 0 0 0 0 0 0 0 0 0 0 0 0 0 0 1 0 0 0 0 0 0 0 0 0 0 0 0 0 1 1 0 0 0 0 1 0 0 0 1
7: 0 1 1 0 0 0 0 0 0 0 0 0 0 0 0 0 0 0 0 0 0 0 1 0 0 0 0 0 1 0 0 0 0 1 0 0 0 0 0 0
8: 0 1 1 0 0 1 0 0 0 0 0 0 0 0 0 0 0 0 1 0 0 0 0 0 0 0 0 0 0 0 0 0 0 0 0 0 0 0 1 0
9: 0 0 0 0 0 1 0 0 0 0 0 0 0 0 0 0 0 0 0 0 0 0 0 1 0 0 1 0 0 0 0 1 0 0 0 0 0 0 0 1
10: 1 0 0 0 0 0 0 0 0 0 0 0 0 0 0 0 0 0 0 1 0 0 0 0 0 0 0 0 0 0 0 0 0 0 0 1 0 0 1 1
11: 0 0 0 0 0 0 0 0 0 0 0 0 0 0 0 0 0 0 0 0 0 0 0 0 0 0 0 0 1 0 0 0 0 1 1 0 0 1 0 1
12: 0 0 0 0 1 0 0 0 0 0 0 0 0 0 0 0 0 1 0 0 0 0 0 0 1 0 0 1 0 0 0 0 0 0 0 0 1 0 0 0

0: 0 2 2 2 1 1 2 2 1 2 2 1 2 1 1 1 1 1 2 2 1 1 1 2 1 1 1 2 2 2 1 1 2 1 2 2 1 2 2 1
1: 2 0 2 1 2 1 1 1 1 2 1 1 1 2 2 2 1 1 1 1 2 1 2 2 2 2 2 2 1 1 1 1 1 2 2 2 1 2 2 2
2: 2 2 0 2 1 2 1 2 2 2 2 2 1 2 2 2 1 2 1 2 2 2 2 1 2 2 2 2 2 1 2 1 1 2 2 2 1 2 1 2
3: 2 1 2 0 2 2 2 2 2 1 2 2 1 1 2 2 1 2 2 2 2 1 1 1 2 2 2 1 2 2 1 1 2 2 2 1 2 2 2 1
4: 1 2 1 2 0 2 1 2 2 1 1 1 2 1 1 2 2 2 1 2 1 2 1 1 1 2 1 2 2 1 2 2 2 2 1 2 1 1 2 1
5: 1 1 2 2 2 0 1 2 2 2 1 1 2 2 2 2 2 1 1 2 2 2 2 1 2 2 1 2 1 2 1 1 1 1 2 2 2 1 2 2
6: 2 1 1 2 1 1 0 2 2 1 1 2 1 2 2 2 1 1 1 2 1 1 1 2 2 2 1 1 2 2 1 2 2 1 1 2 1 2 2 2
7: 2 1 2 2 2 2 2 0 2 1 2 2 2 1 1 1 1 1 2 1 2 2 1 2 2 2 2 2 1 1 1 2 2 1 2 1 1 2 2 1
8: 1 1 2 2 2 2 2 2 0 2 1 2 1 2 1 1 2 1 1 1 1 1 1 2 1 2 1 2 1 2 1 1 2 2 2 2 2 2 2 2
9: 2 2 2 1 1 2 1 1 2 0 2 2 2 1 2 2 1 2 2 2 2 2 2 1 2 1 1 2 2 2 2 2 2 2 1 2 2 2 1 2
10: 2 1 2 2 1 1 1 2 1 2 0 1 1 1 1 2 2 2 1 2 2 1 2 1 2 1 1 2 1 2 2 1 2 2 1 2 1 2 2 2
11: 1 1 2 2 1 1 2 2 2 2 1 0 1 2 1 2 1 2 2 2 1 1 1 1 2 2 1 2 2 1 2 1 1 1 2 1 1 1 1 1
12: 2 1 1 1 2 2 1 2 1 2 1 1 0 1 2 1 1 1 2 2 1 2 2 2 2 1 1 2 1 2 2 2 2 1 2 1 1 2 1 2
13: 1 2 2 1 1 2 2 1 2 1 1 2 1 0 2 2 1 1 1 2 1 1 1 2 1 2 1 2 2 2 1 2 1 2 2 1 1 2 1 2
14: 1 2 2 2 1 2 2 1 1 2 1 1 2 2 0 2 2 2 2 2 1 1 2 1 2 2 1 2 2 2 2 2 2 1 1 1 1 2 2 1
15: 1 2 2 2 2 2 2 1 1 2 2 2 1 2 2 0 2 2 2 1 2 2 1 2 2 2 2 2 2 1 1 2 1 2 1 1 2 2 2 2
16: 1 1 1 1 2 2 1 1 2 1 2 1 1 1 2 2 0 2 2 2 2 2 2 2 2 2 2 1 1 1 2 2 2 1 1 1 1 1 1 1
17: 1 1 2 2 2 1 1 1 1 2 2 2 1 1 2 2 2 0 1 2 1 2 1 1 2 2 1 2 1 2 1 1 1 1 1 2 2 1 2 2
18: 2 1 1 2 1 1 1 2 1 2 1 2 2 1 2 2 2 1 0 1 1 1 1 2 2 1 2 1 2 1 1 2 2 2 1 1 1 2 2 1
19: 2 1 2 2 2 2 2 1 1 2 2 2 2 2 2 1 2 2 1 0 1 2 1 2 1 1 1 2 1 1 1 2 1 1 2 1 1 2 2 1
20: 1 2 2 2 1 2 1 2 1 2 2 1 1 1 1 2 2 1 1 1 0 1 1 2 1 2 1 2 1 1 2 1 2 1 1 1 2 1 1 1
21: 1 1 2 1 2 2 1 2 1 2 1 1 2 1 1 2 2 2 1 2 1 0 1 1 1 2 1 1 2 2 1 2 1 1 2 2 2 1 2 1
22: 1 2 2 1 1 2 1 1 1 2 2 1 2 1 2 1 2 1 1 1 1 1 0 1 1 1 2 1 1 1 1 2 1 1 2 2 1 1 2 2
23: 2 2 1 1 1 1 2 2 2 1 1 1 2 2 1 2 2 1 2 2 2 1 1 0 2 1 2 1 2 2 2 2 1 2 1 1 1 1 2 1
24: 1 2 2 2 1 2 2 2 1 2 2 2 2 1 2 2 2 2 2 1 1 1 1 2 0 1 1 2 2 1 1 2 2 1 2 2 2 1 1 1
25: 1 2 2 2 2 2 2 2 2 1 1 2 1 2 2 2 2 2 1 1 2 2 1 1 1 0 2 1 2 2 2 2 2 2 1 2 1 2 1 2
26: 1 2 2 2 1 1 1 2 1 1 1 1 1 1 1 2 2 1 2 1 1 1 2 2 1 2 0 1 1 2 1 2 1 2 1 1 1 1 2 2
27: 2 2 2 1 2 2 1 2 2 2 2 2 2 2 2 2 1 2 1 2 2 1 1 1 2 1 1 0 1 1 2 2 2 2 2 1 2 1 1 2
28: 2 1 2 2 2 1 2 1 1 2 1 2 1 2 2 2 1 1 2 1 1 2 1 2 2 2 1 1 0 2 2 1 2 1 2 2 2 2 1 2
29: 2 1 1 2 1 2 2 1 2 2 2 1 2 2 2 1 1 2 1 1 1 2 1 2 1 2 2 1 2 0 2 2 1 2 1 2 2 1 1 1
30: 1 1 2 1 2 1 1 1 1 2 2 2 2 1 2 1 2 1 1 1 2 1 1 2 1 2 1 2 2 2 0 2 2 1 2 1 1 2 2 2
31: 1 1 1 1 2 1 2 2 1 2 1 1 2 2 2 2 2 1 2 2 1 2 2 2 2 2 2 2 1 2 2 0 1 1 1 2 1 2 2 2
32: 2 1 1 2 2 1 2 2 2 2 2 1 2 1 2 1 2 1 2 1 2 1 1 1 2 2 1 2 2 1 2 1 0 2 2 1 2 2 1 2
33: 1 2 2 2 2 1 1 1 2 2 2 1 1 2 1 2 1 1 2 1 1 1 1 2 1 2 2 2 1 2 1 1 2 0 1 1 1 2 2 1
34: 2 2 2 2 1 2 1 2 2 1 1 2 2 2 1 1 1 1 1 2 1 2 2 1 2 1 1 2 2 1 2 1 2 1 0 1 2 2 1 1
35: 2 2 2 1 2 2 2 1 2 2 2 1 1 1 1 1 1 2 1 1 1 2 2 1 2 2 1 1 2 2 1 2 1 1 1 0 2 2 1 2
36: 1 1 1 2 1 2 1 1 2 2 1 1 1 1 1 2 1 2 1 1 2 2 1 1 2 1 1 2 2 2 1 1 2 1 2 2 0 1 2 2
37: 2 2 2 2 1 1 2 2 2 2 2 1 2 2 2 2 1 1 2 2 1 1 1 1 1 2 1 1 2 1 2 2 2 2 2 2 1 0 1 2
38: 2 2 1 2 2 2 2 2 2 1 2 1 1 1 2 2 1 2 2 2 1 2 2 2 1 1 2 1 1 1 2 2 1 2 1 1 2 1 0 2
39: 1 2 2 1 1 2 2 1 2 2 2 1 2 2 1 2 1 2 1 1 1 1 2 1 1 2 2 2 2 1 2 2 2 1 1 2 2 2 2 0
