20 9 12

0: 0 0 1 0 0 0 0 0 0 1 1 0 0 0 0 0 0 0 1 1
1: 0 0 0 0 1 1 0 0 0 1 1 0 0 0 0 0 0 0 1 0
2: 0 0 0 1 1 1 0 0 0 1 0 0 0 0 0 0 1 0 0 0
3: 0 0 0 0 0 0 0 0 1 1 0 0 0 1 1 0 0 1 0 0
4: 0 0 0 0 0 0 1 0 0 0 0 0 0 1 0 1 1 0 1 0
5: 0 0 0 0 1 0 1 1 0 0 0 1 0 0 0 0 0 0 0 1
6: 0 0 1 0 1 0 1 0 0 0 0 0 0 0 1 0 0 1 0 0
7: 0 0 0 0 0 0 1 0 0 0 0 1 0 1 1 0 0 1 0 0
8: 0 0 1 0 1 0 0 1 0 0 0 0 0 0 0 1 0 1 0 0

0: 0 2 2 2 1 1 2 1 2 1 1 1 2 2 2 1 1 1 2 2
1: 2 0 2 2 1 2 2 1 1 2 2 2 1 2 2 1 2 1 1 2
2: 2 2 0 2 2 2 2 1 2 2 2 1 1 1 2 2 1 1 2 2
3: 2 2 2 0 1 1 2 1 2 1 2 2 1 2 1 1 2 2 1 1
4: 1 1 2 1 0 1 1 2 2 1 1 1 2 2 2 1 1 1 1 1
5: 1 2 2 1 1 0 1 1 1 1 1 1 2 1 1 1 1 2 2 1
6: 2 2 2 2 1 1 0 2 2 1 2 1 2 2 1 1 2 2 1 1
7: 1 1 1 1 2 1 2 0 1 2 2 2 2 2 1 1 1 1 1 2
8: 2 1 2 2 2 1 2 1 0 1 2 2 1 1 1 2 2 2 1 1
9: 1 2 2 1 1 1 1 2 1 0 2 2 1 2 2 1 1 1 1 2
10: 1 2 2 2 1 1 2 2 2 2 0 2 1 1 2 1 2 1 1 1
11: 1 2 1 2 1 1 1 2 2 2 2 0 1 1 1 2 1 2 1 2
12: 2 1 1 1 2 2 2 2 1 1 1 1 0 2 1 1 2 1 1 1
13: 2 2 1 2 2 1 2 2 1 2 1 1 2 0 2 1 1 1 1 1
14: 2 2 2 1 2 1 1 1 1 2 2 1 1 2 0 1 1 2 1 2
15: 1 1 2 1 1 1 1 1 2 1 1 2 1 1 1 0 2 1 1 1
16: 1 2 1 2 1 1 2 1 2 1 2 1 2 1 1 2 0 1 1 2
17: 1 1 1 2 1 2 2 1 2 1 1 2 1 1 2 1 1 0 2 2
18: 2 1 2 1 1 2 1 1 1 1 1 1 1 1 1 1 1 2 0 1
19: 2 2 2 1 1 1 1 2 1 2 1 2 1 1 2 1 2 2 1 0
