20 9 12

0: 0 0 0 0 0 1 0 0 1 0 0 0 0 1 0 0 0 0 1 1
1: 0 0 1 0 0 0 0 0 1 1 1 0 1 0 0 0 0 0 0 0
2: 1 0 0 0 0 0 0 0 0 1 0 0 1 0 0 1 0 0 1 0
3: 0 0 0 0 0 1 0 1 0 0 0 0 1 0 0 0 1 1 0 0
4: 0 0 0 0 1 1 1 0 0 1 0 0 0 0 1 0 0 0 0 0
5: 0 1 1 0 0 1 0 0 0 0 0 0 1 1 0 0 0 0 0 0
6: 0 1 0 1 0 0 1 1 0 0 0 0 0 0 0 0 0 0 0 1
7: 0 1 0 0 0 0 1 0 0 0 0 0 0 1 1 1 0 0 0 0
8: 1 1 0 0 0 1 0 0 0 0 1 0 0 0 1 0 0 0 0 0

0: 0 1 1 1 1 1 1 1 2 1 1 2 1 1 1 1 2 2 2 1
1: 1 0 1 1 2 2 2 2 1 1 2 2 1 2 1 2 2 1 1 1
2: 1 1 0 2 2 2 1 2 2 1 2 1 2 1 2 2 1 1 2 2
3: 1 1 2 0 2 1 1 2 2 2 1 2 2 2 2 1 2 1 1 2
4: 1 2 2 2 0 1 1 2 2 2 1 1 1 1 2 1 2 1 1 1
5: 1 2 2 1 1 0 2 2 1 2 2 2 2 1 1 1 2 1 1 2
6: 1 2 1 1 1 2 0 1 1 2 2 1 2 2 1 2 2 1 2 2
7: 1 2 2 2 2 2 1 0 2 2 1 1 2 1 2 1 1 1 1 2
8: 2 1 2 2 2 1 1 2 0 2 1 1 1 2 1 2 2 1 1 1
9: 1 1 1 2 2 2 2 2 2 0 1 1 1 1 1 1 2 2 1 1
10: 1 2 2 1 1 2 2 1 1 1 0 1 1 2 1 1 1 2 1 2
11: 2 2 1 2 1 2 1 1 1 1 1 0 2 2 2 1 1 1 2 2
12: 1 1 2 2 1 2 2 2 1 1 1 2 0 2 2 2 1 2 2 2
13: 1 2 1 2 1 1 2 1 2 1 2 2 2 0 1 1 1 1 2 2
14: 1 1 2 2 2 1 1 2 1 1 1 2 2 1 0 1 2 2 1 2
15: 1 2 2 1 1 1 2 1 2 1 1 1 2 1 1 0 1 2 1 2
16: 2 2 1 2 2 2 2 1 2 2 1 1 1 1 2 1 0 1 1 2
17: 2 1 1 1 1 1 1 1 1 2 2 1 2 1 2 2 1 0 1 1
18: 2 1 2 1 1 1 2 1 1 1 1 2 2 2 1 1 1 1 0 1
19: 1 1 2 2 1 2 2 2 1 1 2 2 2 2 2 2 2 1 1 0
