40 13 12

0: 0 0 0 0 1 0 0 0 0 0 1 0 0 0 0 0 1 1 0 0 0 0 0 0 0 0 0 0 0 0 0 0 0 0 0 0 0 1 0 0
1: 0 0 0 0 0 0 0 0 0 0 0 0 1 0 1 0 0 0 0 1 1 1 0 0 0 0 0 0 0 0 0 0 0 0 0 0 0 0 0 0
2: 0 0 0 0 0 0 0 0 0 1 0 1 0 0 0 0 0 0 0 0 0 0 1 0 0 1 0 0 0 0 0 0 0 0 1 0 0 0 0 0
3: 0 0 0 1 0 0 0 0 0 1 0 1 0 0 0 0 0 0 0 0 0 0 0 0 0 0 0 0 0 0 1 0 0 0 0 0 0 0 1 0
4: 0 1 0 0 0 0 0 0 0 0 0 0 0 0 0 1 1 0 0 0 0 0 0 0 0 0 0 0 0 0 1 0 0 0 0 0 1 0 0 0
5: 0 0 0 0 1 0 0 0 0 0 0 0 0 0 0 0 0 0 0 0 0 0 0 0 0 0 0 1 0 1 0 0 1 0 1 0 0 0 0 0
6: 0 0 0 0 1 1 0 0 0 1 0 1 0 0 1 0 0 0 0 0 0 0 0 0 0 0 0 0 0 0 0 0 0 0 0 0 0 0 0 0
7: 0 0 0 0 0 0 0 1 0 0 0 0 0 0 0 0 0 0 0 0 0 0 0 0 0 0 0 0 1 0 0 1 0 0 0 1 1 0 0 0
8: 0 0 0 0 1 0 0 0 0 0 0 0 0 0 0 0 1 0 0 0 0 0 1 0 0 0 0 0 0 0 0 0 0 0 0 0 1 0 0 1
9: 0 0 1 0 0 0 0 0 0 0 0 0 0 1 0 0 0 0 0 0 0 1 0 1 0 0 0 0 0 0 0 0 0 0 1 0 0 0 0 0
10: 0 0 0 0 0 0 0 0 0 0 0 0 0 0 0 0 0 0 0 0 0 0 0 0 0 0 0 1 0 1 0 0 1 0 0 0 0 1 1 0
11: 0 0 0 0 0 0 1 0 0 0 0 0 0 0 0 1 0 0 0 0 0 0 0 0 0 0 1 0 0 0 0 1 1 0 0 0 0 0 0 0
12: 0 0 0 0 1 0 0 0 0 0 0 0 0 0 0 0 0 1 1 1 1 0 0 0 0 0 0 0 0 0 0 0 0 0 0 0 0 0 0 0

0: 0 1 1 2 1 1 1 1 1 2 2 1 2 2 1 2 2 2 1 2 1 2 1 1 1 1 2 2 1 1 1 1 2 1 1 2 1 2 2 1
1: 1 0 2 1 2 1 2 1 2 1 1 1 1 2 1 2 2 2 1 2 2 1 1 2 1 2 2 2 2 1 1 1 2 1 2 1 2 2 2 1
2: 1 2 0 2 2 2 1 1 2 1 1 1 2 1 2 1 1 2 2 2 1 2 2 1 1 2 1 1 1 1 2 2 1 2 2 2 1 2 1 1
3: 2 1 2 0 1 2 2 2 2 2 1 2 1 2 1 2 1 2 1 1 1 2 1 2 1 2 1 2 2 2 2 1 1 2 1 1 1 1 2 2
4: 1 2 2 1 0 2 1 1 1 1 2 2 2 1 2 1 1 2 1 2 2 1 1 2 2 1 1 1 2 2 1 1 1 1 2 1 1 1 1 2
5: 1 1 2 2 2 0 2 1 2 1 1 2 2 2 1 2 2 2 2 1 1 1 2 2 2 2 2 2 2 1 1 1 1 1 2 2 2 1 2 1
6: 1 2 1 2 1 2 0 2 1 1 1 2 2 1 1 1 1 1 1 1 2 2 1 1 2 1 1 2 1 2 2 2 1 1 1 2 2 1 1 1
7: 1 1 1 2 1 1 2 0 2 1 2 1 1 2 1 2 1 1 1 1 2 1 1 1 2 2 2 1 1 2 1 1 1 1 1 2 2 1 2 2
8: 1 2 2 2 1 2 1 2 0 1 2 2 2 1 2 2 1 1 2 1 2 2 2 1 1 2 1 2 2 2 2 2 2 2 1 1 2 1 1 2
9: 2 1 1 2 1 1 1 1 1 0 2 1 2 2 1 1 1 1 1 2 1 1 2 2 2 1 1 1 2 1 2 1 1 2 1 2 2 1 1 1
10: 2 1 1 1 2 1 1 2 2 2 0 1 2 2 1 1 2 1 1 2 1 1 2 2 1 1 2 1 2 2 2 1 2 2 1 2 2 2 1 1
11: 1 1 1 2 2 2 2 1 2 1 1 0 1 2 1 1 2 1 2 2 2 2 2 2 1 2 2 2 2 1 2 2 1 2 2 2 2 2 2 1
12: 2 1 2 1 2 2 2 1 2 2 2 1 0 1 2 1 1 2 2 2 2 2 1 1 1 2 2 1 2 2 1 2 2 2 2 2 2 1 1 2
13: 2 2 1 2 1 2 1 2 1 2 2 2 1 0 1 1 2 1 2 1 1 1 2 1 1 2 2 1 2 1 2 2 2 2 2 2 2 2 2 2
14: 1 1 2 1 2 1 1 1 2 1 1 1 2 1 0 1 2 2 2 2 2 1 1 1 2 2 2 1 1 1 2 1 2 1 1 2 1 2 2 2
15: 2 2 1 2 1 2 1 2 2 1 1 1 1 1 1 0 2 2 1 2 1 2 2 1 1 1 1 1 2 1 1 2 1 2 2 2 2 1 1 2
16: 2 2 1 1 1 2 1 1 1 1 2 2 1 2 2 2 0 2 1 2 1 1 2 2 1 1 2 2 1 1 2 1 1 2 1 2 2 1 1 1
17: 2 2 2 2 2 2 1 1 1 1 1 1 2 1 2 2 2 0 1 1 2 2 2 2 1 2 2 1 1 1 2 1 1 1 2 2 2 2 1 2
18: 1 1 2 1 1 2 1 1 2 1 1 2 2 2 2 1 1 1 0 2 1 2 2 1 2 1 1 1 1 2 2 2 1 2 1 2 1 2 1 2
19: 2 2 2 1 2 1 1 1 1 2 2 2 2 1 2 2 2 1 2 0 2 1 2 1 1 1 1 1 2 2 2 2 2 1 1 1 2 1 1 2
20: 1 2 1 1 2 1 2 2 2 1 1 2 2 1 2 1 1 2 1 2 0 2 1 1 1 1 2 2 1 1 2 1 2 2 2 1 1 1 2 2
21: 2 1 2 2 1 1 2 1 2 1 1 2 2 1 1 2 1 2 2 1 2 0 2 2 2 2 2 2 2 2 2 1 1 2 2 2 1 2 2 2
22: 1 1 2 1 1 2 1 1 2 2 2 2 1 2 1 2 2 2 2 2 1 2 0 2 2 1 1 1 1 2 2 2 2 2 1 2 2 2 2 2
23: 1 2 1 2 2 2 1 1 1 2 2 2 1 1 1 1 2 2 1 1 1 2 2 0 1 2 1 2 2 1 2 1 1 1 1 2 2 1 1 1
24: 1 1 1 1 2 2 2 2 1 2 1 1 1 1 2 1 1 1 2 1 1 2 2 1 0 2 1 1 1 2 2 1 1 1 2 1 1 2 2 2
25: 1 2 2 2 1 2 1 2 2 1 1 2 2 2 2 1 1 2 1 1 1 2 1 2 2 0 2 1 1 2 2 1 1 2 2 2 1 2 1 2
26: 2 2 1 1 1 2 1 2 1 1 2 2 2 2 2 1 2 2 1 1 2 2 1 1 1 2 0 2 1 1 2 1 2 1 2 2 1 2 1 1
27: 2 2 1 2 1 2 2 1 2 1 1 2 1 1 1 1 2 1 1 1 2 2 1 2 1 1 2 0 2 2 2 1 1 1 2 1 1 2 1 1
28: 1 2 1 2 2 2 1 1 2 2 2 2 2 2 1 2 1 1 1 2 1 2 1 2 1 1 1 2 0 1 1 2 2 1 1 2 1 2 2 1
29: 1 1 1 2 2 1 2 2 2 1 2 1 2 1 1 1 1 1 2 2 1 2 2 1 2 2 1 2 1 0 1 2 2 2 1 2 1 2 1 1
30: 1 1 2 2 1 1 2 1 2 2 2 2 1 2 2 1 2 2 2 2 2 2 2 2 2 2 2 2 1 1 0 2 1 1 1 1 1 1 2 2
31: 1 1 2 1 1 1 2 1 2 1 1 2 2 2 1 2 1 1 2 2 1 1 2 1 1 1 1 1 2 2 2 0 1 1 1 1 1 2 2 1
32: 2 2 1 1 1 1 1 1 2 1 2 1 2 2 2 1 1 1 1 2 2 1 2 1 1 1 2 1 2 2 1 1 0 1 2 1 2 2 1 1
33: 1 1 2 2 1 1 1 1 2 2 2 2 2 2 1 2 2 1 2 1 2 2 2 1 1 2 1 1 1 2 1 1 1 0 1 1 1 1 1 1
34: 1 2 2 1 2 2 1 1 1 1 1 2 2 2 1 2 1 2 1 1 2 2 1 1 2 2 2 2 1 1 1 1 2 1 0 1 1 2 1 1
35: 2 1 2 1 1 2 2 2 1 2 2 2 2 2 2 2 2 2 2 1 1 2 2 2 1 2 2 1 2 2 1 1 1 1 1 0 2 2 1 2
36: 1 2 1 1 1 2 2 2 2 2 2 2 2 2 1 2 2 2 1 2 1 1 2 2 1 1 1 1 1 1 1 1 2 1 1 2 0 1 1 2
37: 2 2 2 1 1 1 1 1 1 1 2 2 1 2 2 1 1 2 2 1 1 2 2 1 2 2 2 2 2 2 1 2 2 1 2 2 1 0 2 2
38: 2 2 1 2 1 2 1 2 1 1 1 2 1 2 2 1 1 1 1 1 2 2 2 1 2 1 1 1 2 1 2 2 1 1 1 1 1 2 0 2
39: 1 1 1 2 2 1 1 2 2 1 1 1 2 2 2 2 1 2 2 2 2 2 2 1 2 2 1 1 1 1 2 1 1 1 1 2 2 2 2 0
