20 9 12

0: 0 0 0 1 1 0 0 0 1 0 0 0 0 1 0 0 0 0 0 1
1: 0 0 0 1 0 0 0 1 1 0 0 0 1 0 0 0 0 1 0 0
2: 1 0 0 1 0 0 0 0 0 0 0 1 1 0 0 0 0 1 0 0
3: 1 0 1 0 1 0 0 0 0 0 0 0 0 0 0 0 1 0 0 1
4: 0 0 0 1 0 0 1 0 1 0 0 0 0 0 0 1 0 1 0 0
5: 0 0 0 0 0 0 0 1 1 1 0 0 1 0 0 1 0 0 0 0
6: 1 0 0 0 1 0 0 1 0 0 0 0 1 0 0 1 0 0 0 0
7: 0 0 0 0 1 0 1 0 0 1 0 1 0 0 0 0 0 1 0 0
8: 0 1 1 1 0 1 0 0 1 0 0 0 0 0 0 0 0 0 0 0

0: 0 2 1 1 2 1 1 2 2 1 2 1 2 1 1 1 2 2 1 1
1: 2 0 2 2 1 1 1 2 2 1 1 2 1 1 2 2 2 1 1 1
2: 1 2 0 1 1 2 2 2 1 2 2 2 1 1 2 2 2 2 1 1
3: 1 2 1 0 2 2 2 1 2 2 2 1 1 2 1 1 1 1 2 1
4: 2 1 1 2 0 2 2 1 2 1 1 2 1 1 2 1 2 2 2 1
5: 1 1 2 2 2 0 2 2 1 2 2 2 1 2 1 2 1 2 2 1
6: 1 1 2 2 2 2 0 2 1 2 1 1 1 2 1 2 2 1 2 1
7: 2 2 2 1 1 2 2 0 2 2 1 2 1 2 1 2 2 2 2 1
8: 2 2 1 2 2 1 1 2 0 2 2 1 2 2 2 1 2 1 2 2
9: 1 1 2 2 1 2 2 2 2 0 2 2 2 2 2 2 1 1 2 1
10: 2 1 2 2 1 2 1 1 2 2 0 2 1 2 2 2 1 2 2 1
11: 1 2 2 1 2 2 1 2 1 2 2 0 1 1 1 2 2 1 1 1
12: 2 1 1 1 1 1 1 1 2 2 1 1 0 1 2 1 1 1 2 1
13: 1 1 1 2 1 2 2 2 2 2 2 1 1 0 1 2 1 2 2 1
14: 1 2 2 1 2 1 1 1 2 2 2 1 2 1 0 1 2 2 2 1
15: 1 2 2 1 1 2 2 2 1 2 2 2 1 2 1 0 2 2 1 2
16: 2 2 2 1 2 1 2 2 2 1 1 2 1 1 2 2 0 1 2 2
17: 2 1 2 1 2 2 1 2 1 1 2 1 1 2 2 2 1 0 1 2
18: 1 1 1 2 2 2 2 2 2 2 2 1 2 2 2 1 2 1 0 1
19: 1 1 1 1 1 1 1 1 2 1 1 1 1 1 1 2 2 2 1 0
