40 17 12

0: 0 0 0 0 0 0 0 0 0 0 0 0 0 0 0 0 0 0 0 0 0 0 0 0 0 0 1 0 0 0 0 1 0 1 0 0 0 0 1 0
1: 0 0 0 0 0 0 1 0 0 1 0 0 0 0 0 0 0 1 0 0 0 0 0 0 0 0 0 0 0 0 0 0 0 0 1 0 0 0 0 0
2: 0 0 0 1 0 0 0 0 0 0 0 0 0 0 0 0 0 0 1 0 1 0 1 0 0 0 0 0 0 0 0 0 0 0 0 0 0 0 0 0
3: 0 0 0 0 0 0 0 1 1 0 0 0 0 0 0 0 0 0 0 0 0 0 0 0 0 0 0 0 0 0 0 0 0 0 1 0 0 0 0 1
4: 1 0 0 0 0 0 0 0 0 1 0 0 0 0 0 0 1 1 0 0 0 0 0 0 0 0 0 0 0 0 0 0 0 0 0 0 0 0 0 0
5: 0 0 0 0 0 0 0 0 0 1 0 0 0 0 0 1 0 0 0 0 0 1 0 0 0 0 0 0 0 0 0 0 1 0 0 0 0 0 0 0
6: 0 0 0 0 0 1 0 0 0 0 0 0 0 0 0 0 0 0 0 0 0 0 0 0 0 0 0 1 0 0 1 0 0 0 0 0 0 0 0 1
7: 0 1 0 0 0 1 0 0 0 0 0 0 1 0 0 0 0 0 0 0 0 0 0 0 0 0 0 0 0 0 1 0 0 0 0 0 0 0 0 0
8: 0 0 0 0 1 0 0 0 1 0 0 0 0 0 0 0 0 0 0 1 0 0 0 0 0 0 0 0 0 0 0 0 0 0 0 0 1 0 0 0
9: 0 0 1 0 1 0 0 0 0 0 0 0 1 0 0 0 0 0 0 0 0 0 0 0 0 0 0 0 0 0 0 1 0 0 0 0 0 0 0 0
10: 1 0 0 0 0 0 0 0 0 0 0 0 0 0 0 0 0 0 0 0 1 0 0 0 0 0 0 0 0 0 1 0 0 0 0 0 0 1 0 0
11: 0 0 0 0 1 0 0 0 0 1 0 0 0 0 0 0 0 0 0 0 0 0 0 0 1 0 0 0 0 0 0 0 0 0 0 0 0 0 0 1
12: 0 0 0 0 0 0 0 0 0 0 0 0 0 0 1 0 0 0 0 0 0 0 1 0 0 1 0 0 0 0 0 0 0 0 0 0 0 0 0 1
13: 0 0 0 0 0 0 1 0 0 0 0 0 0 0 0 0 0 0 1 0 0 0 0 0 0 0 0 1 0 0 0 0 0 0 0 0 1 0 0 0
14: 0 0 0 0 0 1 0 0 0 0 0 0 1 0 0 0 0 0 0 0 0 0 1 0 0 0 0 0 0 0 1 0 0 0 0 0 0 0 0 0
15: 0 0 1 0 0 0 0 0 0 1 0 0 0 0 0 0 0 0 1 0 0 0 0 0 0 0 0 0 0 0 1 0 0 0 0 0 0 0 0 0
16: 0 1 0 0 0 0 0 0 0 1 0 0 0 0 0 0 0 0 0 0 0 1 0 0 0 1 0 0 0 0 0 0 0 0 0 0 0 0 0 0

0: 0 1 3 3 3 1 3 1 2 2 1 2 2 3 3 2 2 3 1 1 1 1 2 2 2 3 3 1 3 3 1 1 3 3 1 3 3 2 1 3
1: 1 0 3 2 1 1 3 3 2 2 2 1 2 2 2 3 3 3 1 1 3 2 1 1 2 1 3 2 3 1 3 1 1 3 1 1 2 2 2 1
2: 3 3 0 2 1 3 2 2 1 2 2 3 1 2 3 1 1 2 3 3 3 1 3 2 1 2 1 1 2 1 2 2 2 2 1 1 2 3 1 3
3: 3 2 2 0 1 3 3 1 1 1 3 3 1 2 1 3 2 1 3 1 3 3 1 3 2 1 1 1 2 1 2 3 2 2 1 3 2 2 2 2
4: 3 1 1 1 0 2 2 2 1 3 2 3 2 3 2 1 3 1 2 3 1 2 1 2 1 2 1 2 1 2 3 1 1 3 2 1 1 2 1 1
5: 1 1 3 3 2 0 2 2 2 2 1 3 2 1 2 3 2 1 3 3 2 2 2 2 2 3 1 3 3 3 2 3 2 3 3 3 3 3 3 3
6: 3 3 2 3 2 2 0 2 3 3 2 3 3 3 1 3 3 1 3 2 2 1 1 2 2 1 3 2 1 3 3 3 3 1 3 3 2 1 2 2
7: 1 3 2 1 2 2 2 0 1 1 3 3 1 3 2 3 3 3 1 2 3 1 1 2 2 2 1 1 3 2 2 3 2 3 1 1 2 1 3 1
8: 2 2 1 1 1 2 3 1 0 2 2 3 1 2 1 2 2 3 2 2 2 3 2 2 1 2 3 3 1 3 3 3 2 2 3 1 1 3 2 1
9: 2 2 2 1 3 2 3 1 2 0 1 2 3 2 2 1 2 1 2 1 3 3 1 3 1 3 2 3 2 1 3 2 2 3 1 3 1 1 1 1
10: 1 2 2 3 2 1 2 3 2 1 0 2 1 2 2 1 2 3 1 1 2 2 3 1 2 3 3 1 3 3 2 2 2 3 1 3 1 1 1 3
11: 2 1 3 3 3 3 3 3 3 2 2 0 1 2 3 3 1 3 3 3 3 3 3 1 2 3 3 3 1 3 1 2 2 3 1 3 1 2 1 1
12: 2 2 1 1 2 2 3 1 1 3 1 1 0 1 3 2 2 1 2 1 3 3 3 1 2 2 1 1 3 1 2 2 3 2 1 2 1 3 1 3
13: 3 2 2 2 3 1 3 3 2 2 2 2 1 0 3 3 1 1 1 1 2 1 2 2 3 2 3 3 2 1 2 3 2 2 2 2 2 3 2 2
14: 3 2 3 1 2 2 1 2 1 2 2 3 3 3 0 2 2 3 3 1 2 3 1 3 2 3 3 2 1 2 3 1 1 3 1 2 2 3 1 3
15: 2 3 1 3 1 3 3 3 2 1 1 3 2 3 2 0 2 1 1 1 3 3 2 2 3 3 2 3 2 1 1 1 3 1 3 2 2 1 3 2
16: 2 3 1 2 3 2 3 3 2 2 2 1 2 1 2 2 0 2 2 1 2 1 1 3 3 1 3 2 1 2 1 3 2 2 2 2 1 3 3 1
17: 3 3 2 1 1 1 1 3 3 1 3 3 1 1 3 1 2 0 2 3 2 2 3 2 2 2 3 1 2 2 3 2 1 3 3 2 3 3 3 2
18: 1 1 3 3 2 3 3 1 2 2 1 3 2 1 3 1 2 2 0 2 2 1 3 1 2 3 2 2 2 1 3 3 2 3 2 1 2 2 3 1
19: 1 1 3 1 3 3 2 2 2 1 1 3 1 1 1 1 1 3 2 0 1 3 2 3 3 3 2 1 2 1 2 1 1 3 1 1 2 3 1 3
20: 1 3 3 3 1 2 2 3 2 3 2 3 3 2 2 3 2 2 2 1 0 1 3 1 3 2 3 1 1 1 1 2 1 2 1 3 3 1 2 3
21: 1 2 1 3 2 2 1 1 3 3 2 3 3 1 3 3 1 2 1 3 1 0 2 1 3 2 3 2 2 3 1 2 1 1 1 2 1 2 2 2
22: 2 1 3 1 1 2 1 1 2 1 3 3 3 2 1 2 1 3 3 2 3 2 0 2 3 2 3 1 3 3 2 1 3 2 2 2 3 1 1 2
23: 2 1 2 3 2 2 2 2 2 3 1 1 1 2 3 2 3 2 1 3 1 1 2 0 1 3 2 2 2 1 3 2 1 3 3 1 1 1 3 1
24: 2 2 1 2 1 2 2 2 1 1 2 2 2 3 2 3 3 2 2 3 3 3 3 1 0 1 2 1 2 1 2 3 3 2 2 1 2 2 1 3
25: 3 1 2 1 2 3 1 2 2 3 3 3 2 2 3 3 1 2 3 3 2 2 2 3 1 0 2 3 3 1 1 2 1 2 3 3 3 3 1 3
26: 3 3 1 1 1 1 3 1 3 2 3 3 1 3 3 2 3 3 2 2 3 3 3 2 2 2 0 1 1 1 3 2 2 2 3 1 3 2 1 1
27: 1 2 1 1 2 3 2 1 3 3 1 3 1 3 2 3 2 1 2 1 1 2 1 2 1 3 1 0 2 2 3 3 2 2 3 1 1 3 3 2
28: 3 3 2 2 1 3 1 3 1 2 3 1 3 2 1 2 1 2 2 2 1 2 3 2 2 3 1 2 0 2 1 2 3 2 1 1 2 1 2 3
29: 3 1 1 1 2 3 3 2 3 1 3 3 1 1 2 1 2 2 1 1 1 3 3 1 1 1 1 2 2 0 3 2 2 2 2 1 1 2 2 1
30: 1 3 2 2 3 2 3 2 3 3 2 1 2 2 3 1 1 3 3 2 1 1 2 3 2 1 3 3 1 3 0 3 1 1 1 3 2 2 1 1
31: 1 1 2 3 1 3 3 3 3 2 2 2 2 3 1 1 3 2 3 1 2 2 1 2 3 2 2 3 2 2 3 0 3 3 3 1 1 3 1 1
32: 3 1 2 2 1 2 3 2 2 2 2 2 3 2 1 3 2 1 2 1 1 1 3 1 3 1 2 2 3 2 1 3 0 3 2 2 3 3 2 2
33: 3 3 2 2 3 3 1 3 2 3 3 3 2 2 3 1 2 3 3 3 2 1 2 3 2 2 2 2 2 2 1 3 3 0 3 2 1 2 1 1
34: 1 1 1 1 2 3 3 1 3 1 1 1 1 2 1 3 2 3 2 1 1 1 2 3 2 3 3 3 1 2 1 3 2 3 0 3 1 3 1 2
35: 3 1 1 3 1 3 3 1 1 3 3 3 2 2 2 2 2 2 1 1 3 2 2 1 1 3 1 1 1 1 3 1 2 2 3 0 1 2 2 1
36: 3 2 2 2 1 3 2 2 1 1 1 1 1 2 2 2 1 3 2 2 3 1 3 1 2 3 3 1 2 1 2 1 3 1 1 1 0 1 1 3
37: 2 2 3 2 2 3 1 1 3 1 1 2 3 3 3 1 3 3 2 3 1 2 1 1 2 3 2 3 1 2 2 3 3 2 3 2 1 0 1 1
38: 1 2 1 2 1 3 2 3 2 1 1 1 1 2 1 3 3 3 3 1 2 2 1 3 1 1 1 3 2 2 1 1 2 1 1 2 1 1 0 1
39: 3 1 3 2 1 3 2 1 1 1 3 1 3 2 3 2 1 2 1 3 3 2 2 1 3 3 1 2 3 1 1 1 2 1 2 1 3 1 1 0
