40 17 12

0: 1 0 0 0 0 0 0 0 0 0 1 0 1 0 0 1 0 0 0 0 0 0 0 0 0 0 0 0 0 0 0 0 0 0 0 0 0 0 0 0
1: 0 0 0 0 0 0 0 0 0 0 0 1 0 0 1 0 0 0 0 0 0 0 0 0 0 0 0 0 0 0 0 0 0 0 0 0 0 1 0 1
2: 0 0 0 0 0 0 0 0 0 0 0 1 0 0 0 0 0 0 0 0 0 0 0 0 1 0 0 0 1 0 0 0 0 1 0 0 0 0 0 0
3: 0 0 0 0 0 0 0 0 0 0 0 1 0 1 0 0 0 0 0 0 0 0 0 0 0 0 0 1 0 0 0 0 1 0 0 0 0 0 0 0
4: 0 0 0 0 0 0 0 0 0 1 0 0 0 0 0 0 0 0 0 0 0 0 0 0 0 1 0 0 1 0 0 0 0 0 0 0 0 0 0 1
5: 0 0 0 1 0 0 0 0 0 0 0 0 1 0 0 0 0 0 0 0 0 1 0 0 0 0 0 0 0 0 0 0 0 1 0 0 0 0 0 0
6: 0 0 0 0 0 0 0 0 0 0 0 0 0 0 0 0 0 0 0 0 0 1 0 1 0 0 0 0 1 0 0 0 0 0 0 0 0 0 0 1
7: 0 0 0 0 0 0 0 1 0 0 1 0 0 0 0 0 0 0 0 0 0 0 0 0 0 0 0 0 0 1 1 0 0 0 0 0 0 0 0 0
8: 0 0 1 0 0 0 0 0 0 0 0 0 0 0 0 0 0 0 0 0 0 1 1 0 0 0 0 0 0 0 0 0 1 0 0 0 0 0 0 0
9: 0 0 0 0 0 0 0 0 0 0 1 1 0 0 0 0 0 0 0 0 0 0 0 1 0 0 0 0 0 0 0 0 0 0 0 0 0 0 1 0
10: 0 0 0 0 0 0 0 0 0 0 0 0 0 0 0 0 0 0 0 0 0 0 0 1 0 0 0 0 0 0 0 0 0 1 0 0 1 0 0 1
11: 0 0 0 0 0 0 0 0 0 0 0 1 0 0 0 0 0 0 0 0 0 0 0 0 0 0 0 0 1 0 0 0 0 0 0 0 1 1 0 0
12: 0 0 0 1 0 0 0 0 0 1 0 0 0 0 0 0 0 0 0 0 0 0 0 0 0 0 0 0 0 0 0 1 0 0 0 0 0 0 0 1
13: 0 0 0 0 1 0 0 1 0 0 0 0 0 0 0 0 0 0 0 0 0 0 0 0 0 0 1 0 0 0 0 0 1 0 0 0 0 0 0 0
14: 0 0 0 0 0 0 0 0 0 0 0 0 0 0 0 0 0 0 0 0 0 0 1 0 0 0 0 0 0 1 1 0 0 1 0 0 0 0 0 0
15: 0 0 0 0 0 0 0 0 0 0 0 0 0 0 1 0 0 1 0 1 0 0 0 0 1 0 0 0 0 0 0 0 0 0 0 0 0 0 0 0
16: 0 0 0 1 0 0 0 0 0 0 0 0 0 1 0 1 0 0 1 0 0 0 0 0 0 0 0 0 0 0 0 0 0 0 0 0 0 0 0 0

0: 0 1 3 2 1 2 3 1 2 2 3 3 3 2 3 1 3 1 2 1 2 3 1 2 1 2 2 1 3 3 1 3 1 1 3 1 1 2 1 1
1: 1 0 1 3 3 2 3 2 3 1 2 2 1 1 2 1 2 2 3 1 2 3 3 2 2 2 3 2 1 2 1 2 1 3 3 3 2 2 1 1
2: 3 1 0 1 1 2 2 1 2 3 1 2 2 3 2 2 1 3 1 3 2 3 3 3 1 1 2 2 2 3 3 1 2 2 2 2 3 3 3 3
3: 2 3 1 0 1 2 3 1 2 2 1 3 1 2 2 3 2 1 3 1 3 3 3 1 2 2 2 3 1 2 1 3 1 2 1 3 1 1 3 3
4: 1 3 1 1 0 1 3 3 2 2 1 1 3 3 2 2 3 2 2 3 2 2 2 2 3 3 3 1 3 1 1 3 1 1 1 2 1 1 3 2
5: 2 2 2 2 1 0 3 3 3 2 1 3 3 2 3 3 2 2 1 1 3 3 3 1 1 3 1 3 2 3 3 2 1 2 3 2 2 2 1 1
6: 3 3 2 3 3 3 0 1 1 3 2 2 3 2 1 2 3 2 3 2 2 1 3 1 2 1 2 3 2 1 1 3 1 3 3 1 3 3 3 3
7: 1 2 1 1 3 3 1 0 1 2 1 2 3 1 3 3 3 2 1 2 1 1 3 3 2 1 1 1 1 2 2 3 1 2 1 1 3 3 2 1
8: 2 3 2 2 2 3 1 1 0 2 2 3 2 3 2 3 1 3 3 1 3 1 2 1 2 2 2 3 1 1 1 2 2 3 2 3 1 2 2 1
9: 2 1 3 2 2 2 3 2 2 0 2 1 2 3 1 1 3 1 3 3 3 1 1 1 1 1 3 2 1 3 2 2 2 2 2 3 3 1 3 3
10: 3 2 1 1 1 1 2 1 2 2 0 3 2 3 2 2 3 1 3 1 2 3 2 2 2 1 1 1 1 3 1 3 3 2 2 3 3 2 3 3
11: 3 2 2 3 1 3 2 2 3 1 3 0 2 3 1 3 3 3 3 1 3 1 3 1 1 1 2 2 3 3 2 2 3 3 2 3 1 1 3 3
12: 3 1 2 1 3 3 3 3 2 2 2 2 0 2 2 1 2 3 1 2 3 3 2 2 2 3 3 2 2 3 3 2 1 1 3 2 1 3 2 1
13: 2 1 3 2 3 2 2 1 3 3 3 3 2 0 3 1 1 1 3 2 3 2 2 1 3 1 1 2 1 3 1 3 1 3 1 3 3 3 3 3
14: 3 2 2 2 2 3 1 3 2 1 2 1 2 3 0 2 1 1 2 1 2 2 1 1 3 1 1 1 2 2 3 3 3 1 3 2 2 3 3 3
15: 1 1 2 3 2 3 2 3 3 1 2 3 1 1 2 0 2 3 1 3 2 1 3 3 3 3 3 1 2 3 3 1 1 2 3 1 3 1 1 2
16: 3 2 1 2 3 2 3 3 1 3 3 3 2 1 1 2 0 3 1 2 2 3 1 3 3 2 1 1 2 1 3 1 1 3 1 3 1 1 1 3
17: 1 2 3 1 2 2 2 2 3 1 1 3 3 1 1 3 3 0 3 3 3 3 1 3 3 2 2 2 1 3 2 2 2 2 3 1 2 1 1 1
18: 2 3 1 3 2 1 3 1 3 3 3 3 1 3 2 1 1 3 0 2 2 1 1 2 2 2 3 3 2 3 3 3 3 2 1 3 2 2 3 3
19: 1 1 3 1 3 1 2 2 1 3 1 1 2 2 1 3 2 3 2 0 2 3 2 2 1 2 2 2 3 1 3 1 2 3 2 3 1 3 3 1
20: 2 2 2 3 2 3 2 1 3 3 2 3 3 3 2 2 2 3 2 2 0 2 2 1 1 3 3 3 3 2 3 3 3 3 3 1 2 1 3 3
21: 3 3 3 3 2 3 1 1 1 1 3 1 3 2 2 1 3 3 1 3 2 0 1 2 2 3 3 1 3 2 2 1 1 1 3 1 1 2 2 1
22: 1 3 3 3 2 3 3 3 2 1 2 3 2 2 1 3 1 1 1 2 2 1 0 2 3 1 3 3 1 2 3 1 2 2 2 1 1 3 2 1
23: 2 2 3 1 2 1 1 3 1 1 2 1 2 1 1 3 3 3 2 2 1 2 2 0 3 2 2 2 3 1 1 3 3 3 2 3 1 3 3 1
24: 1 2 1 2 3 1 2 2 2 1 2 1 2 3 3 3 3 3 2 1 1 2 3 3 0 1 1 2 1 1 2 3 2 1 3 3 2 1 3 1
25: 2 2 1 2 3 3 1 1 2 1 1 1 3 1 1 3 2 2 2 2 3 3 1 2 1 0 1 2 1 2 2 1 2 2 3 1 2 3 1 2
26: 2 3 2 2 3 1 2 1 2 3 1 2 3 1 1 3 1 2 3 2 3 3 3 2 1 1 0 3 1 3 2 1 3 2 2 1 3 3 1 2
27: 1 2 2 3 1 3 3 1 3 2 1 2 2 2 1 1 1 2 3 2 3 1 3 2 2 2 3 0 3 3 2 3 2 1 3 3 1 3 2 2
28: 3 1 2 1 3 2 2 1 1 1 1 3 2 1 2 2 2 1 2 3 3 3 1 3 1 1 1 3 0 2 3 3 2 2 2 1 2 3 3 3
29: 3 2 3 2 1 3 1 2 1 3 3 3 3 3 2 3 1 3 3 1 2 2 2 1 1 2 3 3 2 0 1 3 3 1 2 3 2 3 3 3
30: 1 1 3 1 1 3 1 2 1 2 1 2 3 1 3 3 3 2 3 3 3 2 3 1 2 2 2 2 3 1 0 3 1 1 1 3 1 3 1 1
31: 3 2 1 3 3 2 3 3 2 2 3 2 2 3 3 1 1 2 3 1 3 1 1 3 3 1 1 3 3 3 3 0 3 2 3 3 3 2 2 1
32: 1 1 2 1 1 1 1 1 2 2 3 3 1 1 3 1 1 2 3 2 3 1 2 3 2 2 3 2 2 3 1 3 0 3 2 3 3 2 1 1
33: 1 3 2 2 1 2 3 2 3 2 2 3 1 3 1 2 3 2 2 3 3 1 2 3 1 2 2 1 2 1 1 2 3 0 2 1 2 1 1 3
34: 3 3 2 1 1 3 3 1 2 2 2 2 3 1 3 3 1 3 1 2 3 3 2 2 3 3 2 3 2 2 1 3 2 2 0 1 1 1 3 2
35: 1 3 2 3 2 2 1 1 3 3 3 3 2 3 2 1 3 1 3 3 1 1 1 3 3 1 1 3 1 3 3 3 3 1 1 0 1 3 2 3
36: 1 2 3 1 1 2 3 3 1 3 3 1 1 3 2 3 1 2 2 1 2 1 1 1 2 2 3 1 2 2 1 3 3 2 1 1 0 3 3 1
37: 2 2 3 1 1 2 3 3 2 1 2 1 3 3 3 1 1 1 2 3 1 2 3 3 1 3 3 3 3 3 3 2 2 1 1 3 3 0 1 2
38: 1 1 3 3 3 1 3 2 2 3 3 3 2 3 3 1 1 1 3 3 3 2 2 3 3 1 1 2 3 3 1 2 1 1 3 2 3 1 0 1
39: 1 1 3 3 2 1 3 1 1 3 3 3 1 3 3 2 3 1 3 1 3 1 1 1 1 2 2 2 3 3 1 1 1 3 2 3 1 2 1 0
