40 13 12

0: 0 0 0 0 0 0 0 0 0 0 1 0 0 0 1 0 1 0 0 0 0 0 0 0 0 0 0 0 0 0 0 0 1 0 0 1 0 0 0 0
1: 0 0 0 0 0 0 0 0 1 0 0 0 0 0 0 0 0 1 0 0 0 0 0 0 0 0 1 0 1 0 0 0 0 0 0 1 0 0 0 0
2: 0 0 0 0 1 0 0 0 0 1 0 0 0 0 0 0 0 0 0 0 0 0 0 0 0 0 0 0 0 1 0 1 1 0 0 0 0 0 0 0
3: 0 0 0 0 0 0 0 0 0 1 0 0 0 0 1 0 0 0 0 0 0 0 0 0 0 0 0 0 1 0 1 0 0 0 0 0 0 0 1 0
4: 0 0 0 0 0 0 0 0 0 0 1 0 0 0 0 1 1 0 0 0 0 0 1 0 0 0 0 0 0 0 1 0 0 0 0 0 0 0 0 0
5: 0 0 0 0 0 0 0 0 0 0 1 0 0 0 0 0 0 0 0 1 0 0 0 0 0 0 1 1 0 0 0 0 0 0 0 0 0 1 0 0
6: 0 0 0 0 1 0 0 0 0 0 0 1 0 1 0 0 0 0 0 0 0 0 0 0 0 0 0 0 0 0 0 0 0 0 1 0 0 1 0 0
7: 0 1 0 0 0 1 0 0 0 0 0 0 0 0 0 0 0 0 0 0 0 1 1 0 0 0 0 0 0 1 0 0 0 0 0 0 0 0 0 0
8: 0 0 0 0 0 0 0 0 0 0 0 1 1 0 0 0 0 0 0 0 0 0 0 0 0 0 1 0 0 0 0 0 0 0 0 0 1 1 0 0
9: 0 0 0 1 0 0 0 0 0 0 0 0 0 0 0 0 0 0 0 1 0 0 1 0 0 0 0 0 1 0 0 0 0 0 0 0 0 0 0 1
10: 0 0 1 0 0 0 1 1 0 0 0 0 0 1 0 0 0 0 0 0 1 0 0 0 0 0 0 0 0 0 0 0 0 0 0 0 0 0 0 0
11: 0 0 0 1 0 0 0 0 0 0 0 0 0 0 0 1 1 1 0 0 0 0 0 0 0 0 0 0 0 0 0 0 0 0 0 0 0 1 0 0
12: 1 0 0 0 0 0 0 0 0 0 0 1 0 0 0 0 0 0 0 0 0 1 0 0 0 1 1 0 0 0 0 0 0 0 0 0 0 0 0 0

0: 0 1 1 2 1 1 2 1 1 2 1 2 2 2 2 1 1 1 1 1 1 1 2 1 1 2 2 1 2 1 1 1 2 1 2 2 1 1 1 1
1: 1 0 1 1 1 1 2 2 2 1 2 1 1 2 1 2 1 1 1 2 1 2 1 1 1 1 1 1 2 2 2 2 1 1 2 1 1 2 2 2
2: 1 1 0 2 2 1 2 2 1 2 2 1 2 1 2 1 1 1 2 1 1 1 2 2 1 1 2 2 1 2 2 2 2 1 1 1 2 2 1 2
3: 2 1 2 0 2 1 1 2 2 2 2 2 2 2 2 1 2 1 2 2 1 2 2 1 2 1 2 2 1 2 2 1 2 2 1 1 2 1 2 2
4: 1 1 2 2 0 1 2 2 1 1 1 1 1 2 1 1 1 1 2 1 1 1 2 1 2 2 2 1 1 2 1 2 2 1 1 2 2 1 2 1
5: 1 1 1 1 1 0 2 1 1 1 1 2 2 2 2 1 2 1 1 2 1 2 2 2 1 2 1 1 1 2 1 1 1 1 1 1 1 2 1 2
6: 2 2 2 1 2 2 0 1 1 1 2 2 2 2 1 1 2 1 2 2 1 1 2 2 1 2 2 1 2 1 1 2 2 2 1 1 2 1 2 2
7: 1 2 2 2 2 1 1 0 1 2 2 1 1 2 1 1 1 2 1 1 2 1 2 2 2 1 1 2 1 1 2 1 1 1 2 1 2 1 2 2
8: 1 2 1 2 1 1 1 1 0 1 2 2 2 2 2 1 1 2 2 1 1 1 2 2 2 1 1 1 2 2 2 1 1 2 1 1 2 1 1 2
9: 2 1 2 2 1 1 1 2 1 0 1 1 1 1 1 2 2 2 1 2 2 1 1 2 2 2 2 1 1 2 1 1 1 1 2 1 1 2 1 2
10: 1 2 2 2 1 1 2 2 2 1 0 2 2 2 2 1 1 1 1 1 2 2 1 1 1 2 1 1 1 1 1 1 1 2 1 1 2 2 1 2
11: 2 1 1 2 1 2 2 1 2 1 2 0 2 1 2 1 2 1 1 2 1 2 2 1 1 2 2 1 1 1 2 2 1 2 2 1 2 2 1 1
12: 2 1 2 2 1 2 2 1 2 1 2 2 0 1 1 1 2 2 1 1 1 2 2 2 1 2 2 1 1 1 2 1 2 1 1 2 1 1 1 2
13: 2 2 1 2 2 2 2 2 2 1 2 1 1 0 2 1 1 2 2 2 2 1 1 1 1 1 2 1 1 2 2 2 1 2 1 2 1 2 1 2
14: 2 1 2 2 1 2 1 1 2 1 2 2 1 2 0 1 2 2 1 1 1 1 2 2 2 2 1 1 2 2 2 1 1 1 1 2 2 1 1 2
15: 1 2 1 1 1 1 1 1 1 2 1 1 1 1 1 0 1 1 2 1 1 2 1 2 1 2 1 2 2 2 1 2 2 1 1 2 1 2 2 2
16: 1 1 1 2 1 2 2 1 1 2 1 2 2 1 2 1 0 2 1 2 2 2 1 2 1 2 2 1 1 2 1 1 1 1 2 2 2 2 1 2
17: 1 1 1 1 1 1 1 2 2 2 1 1 2 2 2 1 2 0 1 1 2 1 2 2 2 2 1 2 2 2 1 2 1 2 2 2 2 2 1 2
18: 1 1 2 2 2 1 2 1 2 1 1 1 1 2 1 2 1 1 0 1 2 1 2 1 2 2 2 2 2 2 2 1 1 1 1 1 2 1 1 2
19: 1 2 1 2 1 2 2 1 1 2 1 2 1 2 1 1 2 1 1 0 1 2 2 1 2 1 2 2 1 2 1 1 2 2 2 2 2 2 2 1
20: 1 1 1 1 1 1 1 2 1 2 2 1 1 2 1 1 2 2 2 1 0 2 2 2 1 1 2 2 2 1 2 1 1 1 1 1 1 1 2 2
21: 1 2 1 2 1 2 1 1 1 1 2 2 2 1 1 2 2 1 1 2 2 0 2 2 1 2 2 2 1 2 2 1 2 1 2 1 2 2 1 2
22: 2 1 2 2 2 2 2 2 2 1 1 2 2 1 2 1 1 2 2 2 2 2 0 1 2 2 2 1 2 1 2 2 2 2 2 1 1 2 2 2
23: 1 1 2 1 1 2 2 2 2 2 1 1 2 1 2 2 2 2 1 1 2 2 1 0 1 2 1 1 1 1 1 2 2 2 2 1 2 1 2 1
24: 1 1 1 2 2 1 1 2 2 2 1 1 1 1 2 1 1 2 2 2 1 1 2 1 0 2 1 2 1 1 1 1 1 1 1 2 2 1 1 2
25: 2 1 1 1 2 2 2 1 1 2 2 2 2 1 2 2 2 2 2 1 1 2 2 2 2 0 1 2 2 2 2 2 2 2 1 1 1 2 1 2
26: 2 1 2 2 2 1 2 1 1 2 1 2 2 2 1 1 2 1 2 2 2 2 2 1 1 1 0 1 1 2 1 1 2 1 1 2 2 1 1 1
27: 1 1 2 2 1 1 1 2 1 1 1 1 1 1 1 2 1 2 2 2 2 2 1 1 2 2 1 0 1 1 1 2 1 1 2 1 2 2 1 1
28: 2 2 1 1 1 1 2 1 2 1 1 1 1 1 2 2 1 2 2 1 2 1 2 1 1 2 1 1 0 1 1 1 2 1 1 2 2 2 2 2
29: 1 2 2 2 2 2 1 1 2 2 1 1 1 2 2 2 2 2 2 2 1 2 1 1 1 2 2 1 1 0 2 2 1 2 2 1 1 1 2 2
30: 1 2 2 2 1 1 1 2 2 1 1 2 2 2 2 1 1 1 2 1 2 2 2 1 1 2 1 1 1 2 0 2 2 2 2 1 2 2 2 2
31: 1 2 2 1 2 1 2 1 1 1 1 2 1 2 1 2 1 2 1 1 1 1 2 2 1 2 1 2 1 2 2 0 2 1 2 1 2 1 1 1
32: 2 1 2 2 2 1 2 1 1 1 1 1 2 1 1 2 1 1 1 2 1 2 2 2 1 2 2 1 2 1 2 2 0 2 2 1 1 1 1 2
33: 1 1 1 2 1 1 2 1 2 1 2 2 1 2 1 1 1 2 1 2 1 1 2 2 1 2 1 1 1 2 2 1 2 0 2 2 1 1 1 2
34: 2 2 1 1 1 1 1 2 1 2 1 2 1 1 1 1 2 2 1 2 1 2 2 2 1 1 1 2 1 2 2 2 2 2 0 1 2 1 1 2
35: 2 1 1 1 2 1 1 1 1 1 1 1 2 2 2 2 2 2 1 2 1 1 1 1 2 1 2 1 2 1 1 1 1 2 1 0 1 1 2 1
36: 1 1 2 2 2 1 2 2 2 1 2 2 1 1 2 1 2 2 2 2 1 2 1 2 2 1 2 2 2 1 2 2 1 1 2 1 0 1 1 2
37: 1 2 2 1 1 2 1 1 1 2 2 2 1 2 1 2 2 2 1 2 1 2 2 1 1 2 1 2 2 1 2 1 1 1 1 1 1 0 1 2
38: 1 2 1 2 2 1 2 2 1 1 1 1 1 1 1 2 1 1 1 2 2 1 2 2 1 1 1 1 2 2 2 1 1 1 1 2 1 1 0 1
39: 1 2 2 2 1 2 2 2 2 2 2 1 2 2 2 2 2 2 2 1 2 2 2 1 2 2 1 1 2 2 2 1 2 2 2 1 2 2 1 0
