40 13 12

0: 0 0 0 0 0 0 0 0 0 0 0 0 0 0 0 1 1 0 0 0 0 0 0 0 0 0 0 0 0 0 0 0 0 0 0 0 0 0 1 1
1: 0 0 0 1 1 0 0 0 1 0 0 0 0 0 0 0 0 0 0 0 0 0 0 0 0 0 1 0 0 0 0 0 0 0 0 0 0 0 0 0
2: 0 0 0 1 0 0 0 0 0 0 0 0 0 0 0 0 0 0 0 0 0 1 0 1 0 0 0 0 0 0 0 0 0 0 0 0 1 0 0 0
3: 0 0 0 0 1 0 0 0 0 0 0 0 0 1 0 0 0 0 0 0 0 0 0 0 0 0 0 0 0 0 0 0 0 0 0 1 0 0 0 1
4: 0 0 0 0 1 0 0 1 0 0 0 0 0 0 0 1 1 0 0 0 0 0 0 0 0 0 0 0 0 0 0 0 0 0 0 0 0 0 0 0
5: 0 0 0 0 0 0 0 0 0 0 0 1 0 0 0 0 1 0 0 0 0 0 0 1 0 0 0 0 0 0 0 0 0 0 0 0 0 1 0 0
6: 0 1 0 0 0 0 0 0 0 0 0 1 0 0 0 0 0 0 1 0 0 1 0 0 0 0 0 0 0 0 0 0 0 0 0 0 0 0 0 0
7: 0 0 0 0 0 0 0 1 1 0 0 0 0 0 0 0 0 0 0 0 0 1 0 0 0 0 0 0 0 0 0 1 0 0 0 0 0 0 0 0
8: 0 0 0 0 0 0 0 0 0 0 1 0 0 1 0 0 0 0 0 0 0 0 0 0 0 0 0 1 1 0 0 0 0 0 0 0 0 0 0 0
9: 1 0 0 0 0 0 0 1 0 1 0 0 0 0 0 0 0 0 0 0 0 0 0 0 0 0 0 0 1 0 0 0 0 0 0 0 0 0 0 0
10: 0 0 0 1 0 0 0 0 0 0 1 0 0 0 0 0 0 0 0 0 1 0 0 0 0 0 0 0 0 0 0 0 0 0 0 0 0 1 0 0
11: 0 0 0 0 0 0 0 0 0 0 1 0 0 1 0 0 0 0 1 0 0 0 0 0 1 0 0 0 0 0 0 0 0 0 0 0 0 0 0 0
12: 0 0 0 0 0 0 0 0 0 0 0 1 0 0 0 0 1 0 0 0 0 0 0 0 0 0 0 0 0 1 0 0 1 0 0 0 0 0 0 0

0: 0 4 3 3 3 2 4 4 4 3 3 4 2 3 2 2 4 2 2 2 3 2 4 4 2 4 3 2 2 2 4 3 2 4 3 3 4 2 3 3
1: 4 0 4 3 3 4 4 4 4 3 2 2 4 4 4 2 2 4 2 2 4 4 2 3 3 2 4 3 2 2 3 2 3 4 4 4 2 2 2 4
2: 3 4 0 4 4 3 3 2 4 2 4 2 4 2 3 4 4 3 2 4 3 4 3 3 2 2 3 4 3 2 4 4 3 2 4 2 4 4 4 3
3: 3 3 4 0 3 4 2 2 3 3 4 2 4 3 2 4 3 3 4 3 2 2 2 2 3 4 2 3 3 2 3 4 3 3 3 2 2 2 4 3
4: 3 3 4 3 0 2 4 2 3 3 3 3 2 3 2 3 4 3 3 3 3 4 3 4 3 4 3 4 2 3 2 4 3 2 2 2 2 3 3 4
5: 2 4 3 4 2 0 3 3 2 4 2 2 2 3 2 2 2 3 4 4 4 3 2 4 2 3 4 3 3 4 4 2 2 2 2 3 4 2 2 2
6: 4 4 3 2 4 3 0 4 4 2 2 3 4 4 2 3 4 2 4 3 3 2 4 2 2 4 4 2 4 2 4 3 2 4 3 2 3 3 4 3
7: 4 4 2 2 2 3 4 0 2 2 4 4 4 3 2 3 2 2 2 2 4 3 3 3 2 4 2 2 4 3 3 2 4 3 2 2 3 2 2 3
8: 4 4 4 3 3 2 4 2 0 2 4 3 4 3 2 2 3 2 2 4 4 3 4 2 4 4 3 4 2 4 4 4 3 3 3 2 4 2 4 2
9: 3 3 2 3 3 4 2 2 2 0 4 2 2 2 4 4 2 4 2 2 4 4 2 4 3 3 4 3 2 2 3 3 3 2 3 4 4 3 3 3
10: 3 2 4 4 3 2 2 4 4 4 0 3 2 2 4 4 4 4 4 4 3 2 4 2 3 2 4 2 2 2 4 2 4 4 4 2 4 4 3 2
11: 4 2 2 2 3 2 3 4 3 2 3 0 3 3 2 4 3 3 2 4 2 2 2 3 2 4 2 2 4 2 2 2 3 3 4 3 3 3 3 3
12: 2 4 4 4 2 2 4 4 4 2 2 3 0 2 3 3 3 4 3 4 3 4 3 3 3 3 3 4 3 2 3 3 4 3 3 4 2 4 4 3
13: 3 4 2 3 3 3 4 3 3 2 2 3 2 0 2 4 3 2 3 3 4 4 4 3 3 2 4 3 3 3 2 4 4 4 3 3 4 2 2 2
14: 2 4 3 2 2 2 2 2 2 4 4 2 3 2 0 4 3 3 4 3 3 2 2 2 3 2 4 2 3 3 4 4 4 4 4 3 3 2 4 2
15: 2 2 4 4 3 2 3 3 2 4 4 4 3 4 4 0 3 2 2 3 2 3 2 3 2 3 2 4 3 3 2 3 3 4 3 2 4 4 2 3
16: 4 2 4 3 4 2 4 2 3 2 4 3 3 3 3 3 0 3 4 2 3 4 4 4 2 3 2 3 4 3 2 3 3 4 2 2 2 4 4 4
17: 2 4 3 3 3 3 2 2 2 4 4 3 4 2 3 2 3 0 2 4 2 2 2 2 4 3 4 4 3 2 3 2 3 4 3 4 2 2 3 4
18: 2 2 2 4 3 4 4 2 2 2 4 2 3 3 4 2 4 2 0 3 4 3 4 2 3 3 3 3 2 3 4 2 3 4 3 2 3 2 4 4
19: 2 2 4 3 3 4 3 2 4 2 4 4 4 3 3 3 2 4 3 0 2 2 3 2 2 3 4 2 3 3 2 2 3 3 3 4 3 4 3 2
20: 3 4 3 2 3 4 3 4 4 4 3 2 3 4 3 2 3 2 4 2 0 2 2 4 4 3 4 4 2 3 2 2 2 2 2 4 4 3 4 4
21: 2 4 4 2 4 3 2 3 3 4 2 2 4 4 2 3 4 2 3 2 2 0 4 4 4 2 3 2 4 4 3 3 4 3 3 3 4 3 2 2
22: 4 2 3 2 3 2 4 3 4 2 4 2 3 4 2 2 4 2 4 3 2 4 0 2 3 3 2 3 3 2 3 2 3 2 4 4 2 3 4 2
23: 4 3 3 2 4 4 2 3 2 4 2 3 3 3 2 3 4 2 2 2 4 4 2 0 3 4 4 2 2 2 2 2 2 2 4 2 2 2 4 2
24: 2 3 2 3 3 2 2 2 4 3 3 2 3 3 3 2 2 4 3 2 4 4 3 3 0 4 2 2 4 4 4 2 3 3 2 4 2 2 2 4
25: 4 2 2 4 4 3 4 4 4 3 2 4 3 2 2 3 3 3 3 3 3 2 3 4 4 0 4 2 4 2 3 2 2 3 4 2 3 4 2 4
26: 3 4 3 2 3 4 4 2 3 4 4 2 3 4 4 2 2 4 3 4 4 3 2 4 2 4 0 2 3 2 3 4 4 4 3 2 4 2 2 3
27: 2 3 4 3 4 3 2 2 4 3 2 2 4 3 2 4 3 4 3 2 4 2 3 2 2 2 2 0 2 4 2 3 2 3 3 2 2 4 3 2
28: 2 2 3 3 2 3 4 4 2 2 2 4 3 3 3 3 4 3 2 3 2 4 3 2 4 4 3 2 0 3 4 3 4 4 3 3 4 3 2 4
29: 2 2 2 2 3 4 2 3 4 2 2 2 2 3 3 3 3 2 3 3 3 4 2 2 4 2 2 4 3 0 3 4 4 3 3 3 4 2 4 4
30: 4 3 4 3 2 4 4 3 4 3 4 2 3 2 4 2 2 3 4 2 2 3 3 2 4 3 3 2 4 3 0 2 4 2 2 2 4 4 3 4
31: 3 2 4 4 4 2 3 2 4 3 2 2 3 4 4 3 3 2 2 2 2 3 2 2 2 2 4 3 3 4 2 0 4 2 4 4 2 2 3 3
32: 2 3 3 3 3 2 2 4 3 3 4 3 4 4 4 3 3 3 3 3 2 4 3 2 3 2 4 2 4 4 4 4 0 3 3 3 2 2 2 3
33: 4 4 2 3 2 2 4 3 3 2 4 3 3 4 4 4 4 4 4 3 2 3 2 2 3 3 4 3 4 3 2 2 3 0 4 4 3 3 3 4
34: 3 4 4 3 2 2 3 2 3 3 4 4 3 3 4 3 2 3 3 3 2 3 4 4 2 4 3 3 3 3 2 4 3 4 0 2 3 2 3 2
35: 3 4 2 2 2 3 2 2 2 4 2 3 4 3 3 2 2 4 2 4 4 3 4 2 4 2 2 2 3 3 2 4 3 4 2 0 2 4 4 4
36: 4 2 4 2 2 4 3 3 4 4 4 3 2 4 3 4 2 2 3 3 4 4 2 2 2 3 4 2 4 4 4 2 2 3 3 2 0 4 2 2
37: 2 2 4 2 3 2 3 2 2 3 4 3 4 2 2 4 4 2 2 4 3 3 3 2 2 4 2 4 3 2 4 2 2 3 2 4 4 0 4 4
38: 3 2 4 4 3 2 4 2 4 3 3 3 4 2 4 2 4 3 4 3 4 2 4 4 2 2 2 3 2 4 3 3 2 3 3 4 2 4 0 2
39: 3 4 3 3 4 2 3 3 2 3 2 3 3 2 2 3 4 4 4 2 4 2 2 2 4 4 3 2 4 4 4 3 3 4 2 4 2 4 2 0
