40 17 12

0: 0 1 1 0 0 0 0 0 0 0 0 0 0 0 0 1 0 0 0 0 0 0 0 0 0 0 0 0 0 0 0 1 0 0 0 0 0 0 0 0
1: 0 0 0 0 0 0 0 0 0 0 0 0 0 0 0 0 0 0 0 0 0 1 0 0 0 0 0 0 0 0 1 0 0 0 0 0 1 0 1 0
2: 0 0 1 0 0 0 0 0 0 1 0 0 0 0 0 0 0 0 0 0 0 0 0 0 0 0 0 0 0 0 0 1 0 0 0 1 0 0 0 0
3: 0 0 1 0 0 0 0 0 0 0 1 0 0 0 0 0 0 0 0 0 0 0 0 0 1 0 0 1 0 0 0 0 0 0 0 0 0 0 0 0
4: 0 0 0 0 0 0 1 0 0 0 0 0 0 0 0 0 1 0 0 0 0 0 0 0 0 0 0 1 0 0 0 1 0 0 0 0 0 0 0 0
5: 0 0 1 0 0 1 0 0 0 0 0 0 0 0 0 0 0 0 0 0 0 0 0 0 0 0 0 0 0 0 0 0 0 1 0 0 0 0 0 1
6: 0 0 1 0 0 0 0 1 1 0 0 0 1 0 0 0 0 0 0 0 0 0 0 0 0 0 0 0 0 0 0 0 0 0 0 0 0 0 0 0
7: 0 0 0 1 0 0 0 1 0 0 0 0 0 0 0 0 0 0 1 0 0 0 0 0 0 0 0 0 1 0 0 0 0 0 0 0 0 0 0 0
8: 0 0 0 0 0 0 0 1 1 0 0 0 0 0 0 0 1 0 1 0 0 0 0 0 0 0 0 0 0 0 0 0 0 0 0 0 0 0 0 0
9: 0 0 0 0 0 0 0 0 0 1 0 0 0 1 1 0 0 0 0 0 0 0 0 0 0 1 0 0 0 0 0 0 0 0 0 0 0 0 0 0
10: 0 0 0 0 0 1 0 0 0 1 0 0 0 0 0 0 0 0 0 0 1 1 0 0 0 0 0 0 0 0 0 0 0 0 0 0 0 0 0 0
11: 0 0 0 0 0 0 0 0 0 0 0 0 0 0 0 0 0 0 0 0 0 0 0 0 0 1 0 0 0 0 0 1 1 0 0 1 0 0 0 0
12: 1 1 0 0 0 0 0 0 0 0 0 0 0 0 0 0 0 0 0 1 1 0 0 0 0 0 0 0 0 0 0 0 0 0 0 0 0 0 0 0
13: 0 1 0 0 0 0 0 0 0 0 0 0 0 0 0 0 0 0 0 0 0 0 0 1 0 1 1 0 0 0 0 0 0 0 0 0 0 0 0 0
14: 0 0 0 1 0 0 0 0 0 0 0 0 0 0 0 0 0 1 0 0 0 0 0 0 0 0 1 0 0 0 0 0 0 0 0 0 1 0 0 0
15: 0 0 0 0 0 0 0 0 0 0 0 0 0 0 0 0 1 0 0 0 0 0 0 0 0 0 0 1 0 0 0 0 0 0 0 0 1 0 0 1
16: 0 0 0 0 0 0 1 0 0 0 0 0 0 0 0 0 0 1 0 0 0 0 0 0 0 0 0 0 1 0 0 0 0 0 0 0 1 0 0 0

0: 0 2 3 1 1 2 3 3 3 3 1 1 1 3 2 3 2 3 3 1 1 2 2 1 3 3 2 1 3 2 1 3 2 2 3 3 2 3 3 1
1: 2 0 2 2 2 2 1 2 1 3 2 2 1 1 2 2 2 2 3 1 1 3 1 1 2 1 3 2 3 2 3 3 3 2 1 3 3 2 3 2
2: 3 2 0 3 1 1 2 1 3 3 3 2 2 2 2 1 1 3 3 3 1 2 1 1 3 3 2 2 1 1 1 1 1 1 2 3 2 2 3 2
3: 1 2 3 0 1 2 3 2 3 3 1 3 2 1 2 1 3 1 1 3 3 2 3 1 2 2 1 2 3 1 2 1 2 2 3 2 2 1 1 2
4: 1 2 1 1 0 1 1 2 1 3 3 2 1 3 2 2 2 3 3 2 2 1 3 1 3 2 1 1 3 3 2 3 3 1 2 1 2 3 2 3
5: 2 2 1 2 1 0 1 3 1 2 3 3 1 2 2 3 3 3 3 2 3 1 3 2 2 2 2 2 2 3 2 3 3 3 1 3 2 2 2 2
6: 3 1 2 3 1 1 0 2 2 2 1 2 3 1 3 3 3 1 3 2 3 3 2 1 1 1 2 3 1 2 3 1 1 3 1 3 3 1 3 3
7: 3 2 1 2 2 3 2 0 1 2 3 1 2 1 1 2 1 1 2 1 2 2 3 1 3 1 3 2 2 3 1 2 2 3 1 3 2 3 2 1
8: 3 1 3 3 1 1 2 1 0 3 2 3 1 3 2 3 1 1 1 3 3 1 1 1 3 3 3 1 3 3 2 1 2 1 2 3 3 1 3 3
9: 3 3 3 3 3 2 2 2 3 0 2 3 3 1 1 1 3 3 1 1 2 2 3 1 3 3 1 3 3 1 3 2 3 1 1 1 3 2 3 1
10: 1 2 3 1 3 3 1 3 2 2 0 3 2 3 3 3 3 3 3 3 2 1 1 3 1 1 1 1 3 1 2 1 3 1 1 2 2 3 3 2
11: 1 2 2 3 2 3 2 1 3 3 3 0 2 2 2 3 1 1 3 3 2 1 2 1 3 1 2 1 2 1 1 2 3 2 2 3 1 3 2 3
12: 1 1 2 2 1 1 3 2 1 3 2 2 0 2 3 3 1 3 3 3 1 1 3 1 1 3 3 3 1 1 2 2 2 3 3 2 2 2 1 2
13: 3 1 2 1 3 2 1 1 3 1 3 2 2 0 1 2 2 3 1 3 3 2 2 3 3 2 2 3 3 3 2 3 2 1 3 3 1 3 2 2
14: 2 2 2 2 2 2 3 1 2 1 3 2 3 1 0 3 1 1 1 1 2 3 3 3 1 1 3 2 3 2 3 1 3 3 2 3 1 1 1 2
15: 3 2 1 1 2 3 3 2 3 1 3 3 3 2 3 0 1 2 3 3 3 1 3 3 3 3 1 1 2 3 1 3 3 3 1 3 3 3 3 3
16: 2 2 1 3 2 3 3 1 1 3 3 1 1 2 1 1 0 1 2 2 3 3 1 3 3 2 1 3 3 1 1 3 3 1 3 1 2 2 2 1
17: 3 2 3 1 3 3 1 1 1 3 3 1 3 3 1 2 1 0 2 3 1 2 3 3 3 1 3 1 2 1 1 1 3 2 3 1 3 3 3 2
18: 3 3 3 1 3 3 3 2 1 1 3 3 3 1 1 3 2 2 0 1 2 1 1 1 2 3 1 3 2 2 2 2 1 1 1 3 3 2 2 2
19: 1 1 3 3 2 2 2 1 3 1 3 3 3 3 1 3 2 3 1 0 1 1 3 2 3 3 3 1 3 1 2 3 2 1 1 3 1 2 1 3
20: 1 1 1 3 2 3 3 2 3 2 2 2 1 3 2 3 3 1 2 1 0 1 1 3 1 1 3 3 3 1 1 2 2 3 1 1 2 3 2 3
21: 2 3 2 2 1 1 3 2 1 2 1 1 1 2 3 1 3 2 1 1 1 0 1 3 2 3 3 1 2 3 2 2 1 1 3 2 1 2 2 1
22: 2 1 1 3 3 3 2 3 1 3 1 2 3 2 3 3 1 3 1 3 1 1 0 3 1 2 3 1 1 3 1 1 2 3 1 2 2 2 1 1
23: 1 1 1 1 1 2 1 1 1 1 3 1 1 3 3 3 3 3 1 2 3 3 3 0 3 2 2 2 3 2 1 2 3 3 1 1 2 2 2 3
24: 3 2 3 2 3 2 1 3 3 3 1 3 1 3 1 3 3 3 2 3 1 2 1 3 0 1 1 1 1 3 3 2 1 2 1 2 2 3 2 2
25: 3 1 3 2 2 2 1 1 3 3 1 1 3 2 1 3 2 1 3 3 1 3 2 2 1 0 2 1 3 1 1 1 3 2 3 1 1 2 2 1
26: 2 3 2 1 1 2 2 3 3 1 1 2 3 2 3 1 1 3 1 3 3 3 3 2 1 2 0 1 3 2 1 1 1 3 2 1 3 2 1 2
27: 1 2 2 2 1 2 3 2 1 3 1 1 3 3 2 1 3 1 3 1 3 1 1 2 1 1 1 0 3 2 2 2 2 2 2 1 2 3 2 2
28: 3 3 1 3 3 2 1 2 3 3 3 2 1 3 3 2 3 2 2 3 3 2 1 3 1 3 3 3 0 3 3 1 2 1 2 2 2 1 2 1
29: 2 2 1 1 3 3 2 3 3 1 1 1 1 3 2 3 1 1 2 1 1 3 3 2 3 1 2 2 3 0 2 1 3 2 1 3 3 2 3 1
30: 1 3 1 2 2 2 3 1 2 3 2 1 2 2 3 1 1 1 2 2 1 2 1 1 3 1 1 2 3 2 0 1 2 2 2 3 2 3 1 1
31: 3 3 1 1 3 3 1 2 1 2 1 2 2 3 1 3 3 1 2 3 2 2 1 2 2 1 1 2 1 1 1 0 2 1 2 1 1 3 3 3
32: 2 3 1 2 3 3 1 2 2 3 3 3 2 2 3 3 3 3 1 2 2 1 2 3 1 3 1 2 2 3 2 2 0 1 1 2 2 2 3 2
33: 2 2 1 2 1 3 3 3 1 1 1 2 3 1 3 3 1 2 1 1 3 1 3 3 2 2 3 2 1 2 2 1 1 0 1 3 1 1 2 1
34: 3 1 2 3 2 1 1 1 2 1 1 2 3 3 2 1 3 3 1 1 1 3 1 1 1 3 2 2 2 1 2 2 1 1 0 2 1 3 1 2
35: 3 3 3 2 1 3 3 3 3 1 2 3 2 3 3 3 1 1 3 3 1 2 2 1 2 1 1 1 2 3 3 1 2 3 2 0 1 2 1 2
36: 2 3 2 2 2 2 3 2 3 3 2 1 2 1 1 3 2 3 3 1 2 1 2 2 2 1 3 2 2 3 2 1 2 1 1 1 0 3 3 1
37: 3 2 2 1 3 2 1 3 1 2 3 3 2 3 1 3 2 3 2 2 3 2 2 2 3 2 2 3 1 2 3 3 2 1 3 2 3 0 2 1
38: 3 3 3 1 2 2 3 2 3 3 3 2 1 2 1 3 2 3 2 1 2 2 1 2 2 2 1 2 2 3 1 3 3 2 1 1 3 2 0 3
39: 1 2 2 2 3 2 3 1 3 1 2 3 2 2 2 3 1 2 2 3 3 1 1 3 2 1 2 2 1 1 1 3 2 1 2 2 1 1 3 0
